10 17
34.5579 101.4643 6.9383 19.1890 -6.7968 -21.1565 -4.6729 6.8530 9.1410 -4.6901
1.5736 -1.1858 -0.4864 0.5045 -2.9397 -96.8371 0.0000 6.0377 -2.5185 -427.9273 <= 4.0000
-0.0000 0.4736 1.1473 -40.2049 -1.2088 14.4576 6.0107 1.1824 2.8251 1.0771 >= 28.0000
-20.7141 3.8108 -1.3884 -0.2204 -15.6721 -2.7074 -5.2512 -0.0000 5.1666 -0.0000 <= 22.0000
-0.2801 0.0000 1.0697 1.3118 -4.1095 -4.4045 0.8586 4.3812 0.6144 -3.8883 >= 30.0000
6.8096 9.5164 3.9480 -3.7895 11.8926 -3.1871 -4.2466 -5.6491 -239.4407 5.2126 <= -5.0000
-2.1933 -0.6441 1.8716 -2.6364 6.1275 -1.0342 -2.6513 -16.3601 6.1144 -8.3417 == 14.0000
-9.7791 -3.0598 18.8299 1.1063 2.3995 2.8284 1.6865 7.1308 -0.6277 -16.2974 == 25.0000
1 0 0 0 0 0 0 0 0 0 <= 57.0000
0 1 0 0 0 0 0 0 0 0 <= 43.0000
0 0 1 0 0 0 0 0 0 0 <= 47.0000
0 0 0 1 0 0 0 0 0 0 <= 43.0000
0 0 0 0 1 0 0 0 0 0 <= 14.0000
0 0 0 0 0 1 0 0 0 0 <= 41.0000
0 0 0 0 0 0 1 0 0 0 <= 27.0000
0 0 0 0 0 0 0 1 0 0 <= 15.0000
0 0 0 0 0 0 0 0 1 0 <= 44.0000
0 0 0 0 0 0 0 0 0 1 <= 39.0000
1
1
1
1
1
1
1
1
1
1
