100
6753293049483903
3368288708881744
8662529068113698
3758939450254197
4723496381068662
5639825286626142
3539854617799623
6683697364395868
7677061701518186
9082749522773140
9464957157896441
4757167270646472
4303555949313403
3158893600999201
3408743092609089
9014780325945520
5253860066746542
7448296141965312
1889183285758945
7175915472104841
6962464413261938
5566694598384215
1252659641526011
5798444802787602
9364179323140069
5585839422352987
6327093542160695
5563176855227841
6631316168756344
4652355922778490
1662908905981787
4301369102882830
3086487435516859
8432995760582799
9194956494783656
2567753312504048
3419728263941546
1361110020343907
6919115607776861
6696391202354333
6481441465581050
7502792451654655
3387535513879609
5590093706826525
9211921536969479
4128726833402499
5643991366808839
6721375128286289
8748980116103994
8552186841121496
2236853625088121
5008266074391929
5521254318060857
9496139074565352
8720507001275545
9050002211505494
4801987519085798
2630445068655459
3941704492145383
5094040328412258
9721409559868082
1653302281328082
5643521853376544
1813559374297118
3205216751936702
5442596251931219
6170480832528363
6510102598745647
2356263344603119
6057257993006218
6920397271138050
3394394945913994
2908763995373226
5099087882628396
5456526430078640
3344020455209320
3981908614201809
3348277586828436
6477650100654463
8944099725917492
4266667804502439
7335711160894876
9550767261640138
6414540096719600
3666827114681031
2460856023646439
2315106262294286
1997209837366863
6526006299328904
9227053759592404
4939031923946531
5957826108997588
9527777664334367
9983952000938968
3164910381551339
2870122082363223
9891552275110355
4960856350817499
6195418567973363
9376611083736882
