100
83196
85672
63968
77633
36511
55737
30651
57459
58260
44880
84080
26416
71166
92497
94018
46732
34413
39377
19814
31630
60980
90316
15787
85010
53019
58239
76260
57690
74888
16423
33317
53166
34791
83845
58955
51103
36703
71542
82387
75930
22254
78755
41673
46016
47748
47494
51524
16628
16691
45346
13199
40095
57649
77652
43955
56635
90138
82202
41823
48470
50159
13614
57595
60792
48856
12372
11587
92166
72726
34882
31495
31898
97303
41788
62376
85139
75716
45280
58741
81822
27944
59049
37194
13788
98608
51913
97994
54145
45062
81039
60069
70689
46189
50020
74322
46277
64055
19560
59445
11155
