100
30118
20557
16485
45576
25491
96412
21853
90206
40542
82788
77427
71587
70018
10914
25806
46534
99805
67608
46767
72027
22979
19694
68337
44880
74136
36610
19715
95850
89485
53413
92255
71856
15396
17898
38311
41959
29250
34090
29942
83097
78790
50814
83218
22559
78397
89288
89607
48303
50827
82582
60698
10003
41725
66025
19934
69677
56144
38653
63043
55761
23955
24148
29020
89669
84253
78682
87025
86857
41304
33159
85914
66107
54530
42514
32561
18809
38662
41211
46740
15510
57767
53163
40428
95396
76918
79240
75824
76707
83090
77850
42785
43965
21072
53765
85747
56149
42352
58587
65624
59940
