python3 npp_validator.py npp_0_5_100.txt 1111111111111111111111111101111111011000100010101010100010101011001110010000010000000000000000000000
UNIVERSE : [83196, 85672, 63968, 77633, 36511, 55737, 30651, 57459, 58260, 44880, 84080, 26416, 71166, 92497, 94018, 46732, 34413, 39377, 19814, 31630, 60980, 90316, 15787, 85010, 53019, 58239, 76260, 57690, 74888, 16423, 33317, 53166, 34791, 83845, 58955, 51103, 36703, 71542, 82387, 75930, 22254, 78755, 41673, 46016, 47748, 47494, 51524, 16628, 16691, 45346, 13199, 40095, 57649, 77652, 43955, 56635, 90138, 82202, 41823, 48470, 50159, 13614, 57595, 60792, 48856, 12372, 11587, 92166, 72726, 34882, 31495, 31898, 97303, 41788, 62376, 85139, 75716, 45280, 58741, 81822, 27944, 59049, 37194, 13788, 98608, 51913, 97994, 54145, 45062, 81039, 60069, 70689, 46189, 50020, 74322, 46277, 64055, 19560, 59445, 11155]

A        : [83196, 85672, 63968, 77633, 36511, 55737, 30651, 57459, 58260, 44880, 84080, 26416, 71166, 92497, 94018, 46732, 34413, 39377, 19814, 31630, 60980, 90316, 15787, 85010, 53019, 58239, 57690, 74888, 16423, 33317, 53166, 34791, 83845, 51103, 36703, 22254, 47748, 51524, 16691, 13199, 57649, 90138, 41823, 50159, 57595, 60792, 11587, 92166, 72726, 31898, 45280]

B        : [76260, 58955, 71542, 82387, 75930, 78755, 41673, 46016, 47494, 16628, 45346, 40095, 77652, 43955, 56635, 82202, 48470, 13614, 48856, 12372, 34882, 31495, 97303, 41788, 62376, 85139, 75716, 58741, 81822, 27944, 59049, 37194, 13788, 98608, 51913, 97994, 54145, 45062, 81039, 60069, 70689, 46189, 50020, 74322, 46277, 64055, 19560, 59445, 11155]

Delta    : 0

python3 npp_validator.py npp_1_5_100.txt 1111101010101110101010101000100010101111100011101010101000101010001100101000111010101010101010111010
UNIVERSE : [30118, 20557, 16485, 45576, 25491, 96412, 21853, 90206, 40542, 82788, 77427, 71587, 70018, 10914, 25806, 46534, 99805, 67608, 46767, 72027, 22979, 19694, 68337, 44880, 74136, 36610, 19715, 95850, 89485, 53413, 92255, 71856, 15396, 17898, 38311, 41959, 29250, 34090, 29942, 83097, 78790, 50814, 83218, 22559, 78397, 89288, 89607, 48303, 50827, 82582, 60698, 10003, 41725, 66025, 19934, 69677, 56144, 38653, 63043, 55761, 23955, 24148, 29020, 89669, 84253, 78682, 87025, 86857, 41304, 33159, 85914, 66107, 54530, 42514, 32561, 18809, 38662, 41211, 46740, 15510, 57767, 53163, 40428, 95396, 76918, 79240, 75824, 76707, 83090, 77850, 42785, 43965, 21072, 53765, 85747, 56149, 42352, 58587, 65624, 59940]

A        : [30118, 20557, 16485, 45576, 25491, 21853, 40542, 77427, 70018, 10914, 25806, 99805, 46767, 22979, 68337, 74136, 89485, 15396, 38311, 29250, 34090, 29942, 83097, 78790, 78397, 89288, 89607, 50827, 60698, 41725, 19934, 63043, 23955, 29020, 87025, 86857, 85914, 54530, 38662, 41211, 46740, 57767, 40428, 76918, 75824, 83090, 42785, 21072, 85747, 56149, 42352, 65624]

B        : [96412, 90206, 82788, 71587, 46534, 67608, 72027, 19694, 44880, 36610, 19715, 95850, 53413, 92255, 71856, 17898, 41959, 50814, 83218, 22559, 48303, 82582, 10003, 66025, 69677, 56144, 38653, 55761, 24148, 89669, 84253, 78682, 41304, 33159, 66107, 42514, 32561, 18809, 15510, 53163, 95396, 79240, 76707, 77850, 43965, 53765, 58587, 59940]

Delta    : 1

python3 npp_validator.py npp_0_16_100.txt 1011111111111111111011100100011101000011100101001110001010111000000011011000000001101000001100001000
UNIVERSE : [6753293049483903, 3368288708881744, 8662529068113698, 3758939450254197, 4723496381068662, 5639825286626142, 3539854617799623, 6683697364395868, 7677061701518186, 9082749522773140, 9464957157896441, 4757167270646472, 4303555949313403, 3158893600999201, 3408743092609089, 9014780325945520, 5253860066746542, 7448296141965312, 1889183285758945, 7175915472104841, 6962464413261938, 5566694598384215, 1252659641526011, 5798444802787602, 9364179323140069, 5585839422352987, 6327093542160695, 5563176855227841, 6631316168756344, 4652355922778490, 1662908905981787, 4301369102882830, 3086487435516859, 8432995760582799, 9194956494783656, 2567753312504048, 3419728263941546, 1361110020343907, 6919115607776861, 6696391202354333, 6481441465581050, 7502792451654655, 3387535513879609, 5590093706826525, 9211921536969479, 4128726833402499, 5643991366808839, 6721375128286289, 8748980116103994, 8552186841121496, 2236853625088121, 5008266074391929, 5521254318060857, 9496139074565352, 8720507001275545, 9050002211505494, 4801987519085798, 2630445068655459, 3941704492145383, 5094040328412258, 9721409559868082, 1653302281328082, 5643521853376544, 1813559374297118, 3205216751936702, 5442596251931219, 6170480832528363, 6510102598745647, 2356263344603119, 6057257993006218, 6920397271138050, 3394394945913994, 2908763995373226, 5099087882628396, 5456526430078640, 3344020455209320, 3981908614201809, 3348277586828436, 6477650100654463, 8944099725917492, 4266667804502439, 7335711160894876, 9550767261640138, 6414540096719600, 3666827114681031, 2460856023646439, 2315106262294286, 1997209837366863, 6526006299328904, 9227053759592404, 4939031923946531, 5957826108997588, 9527777664334367, 9983952000938968, 3164910381551339, 2870122082363223, 9891552275110355, 4960856350817499, 6195418567973363, 9376611083736882]

A        : [6753293049483903, 8662529068113698, 3758939450254197, 4723496381068662, 5639825286626142, 3539854617799623, 6683697364395868, 7677061701518186, 9082749522773140, 9464957157896441, 4757167270646472, 4303555949313403, 3158893600999201, 3408743092609089, 9014780325945520, 5253860066746542, 7448296141965312, 1889183285758945, 6962464413261938, 5566694598384215, 1252659641526011, 5585839422352987, 4652355922778490, 1662908905981787, 4301369102882830, 8432995760582799, 6919115607776861, 6696391202354333, 6481441465581050, 5590093706826525, 4128726833402499, 8748980116103994, 8552186841121496, 2236853625088121, 8720507001275545, 4801987519085798, 3941704492145383, 5094040328412258, 9721409559868082, 2356263344603119, 6057257993006218, 3394394945913994, 2908763995373226, 7335711160894876, 9550767261640138, 3666827114681031, 4939031923946531, 5957826108997588, 9891552275110355]

B        : [3368288708881744, 7175915472104841, 5798444802787602, 9364179323140069, 6327093542160695, 5563176855227841, 6631316168756344, 3086487435516859, 9194956494783656, 2567753312504048, 3419728263941546, 1361110020343907, 7502792451654655, 3387535513879609, 9211921536969479, 5643991366808839, 6721375128286289, 5008266074391929, 5521254318060857, 9496139074565352, 9050002211505494, 2630445068655459, 1653302281328082, 5643521853376544, 1813559374297118, 3205216751936702, 5442596251931219, 6170480832528363, 6510102598745647, 6920397271138050, 5099087882628396, 5456526430078640, 3344020455209320, 3981908614201809, 3348277586828436, 6477650100654463, 8944099725917492, 4266667804502439, 6414540096719600, 2460856023646439, 2315106262294286, 1997209837366863, 6526006299328904, 9227053759592404, 9527777664334367, 9983952000938968, 3164910381551339, 2870122082363223, 4960856350817499, 6195418567973363, 9376611083736882]

Delta    : 3846019549
