1000
1088309591532
3626764238
1654615999
3255389357
3823568515
1806341206
173879093
1112038971
4146640123
2195908195
2087043558
1739178873
3943786420
3366389306
3564191073
1302718218
4156669320
2046968325
1537810352
2505606784
3829653369
3900315156
938204378
2167613559
598176027
1210484340
600203568
3246154362
407295013
2655874621
3433407906
1075916536
4240245956
3907330411
2287343379
4221031478
3028691746
3479856543
2585149703
3874773260
631194410
1332073690
424185325
3134603516
316721331
3860481053
3652757269
2937688619
1418186271
2027837528
2404381471
432508405
1519522184
1864753827
1358054486
2623739578
2750597568
3921352637
878225225
4151542722
2373071109
2048741383
1901353492
3716477855
2239196827
1118805956
267488771
3457568187
3944776679
2356645543
3934166346
60308649
400599613
3091108077
3608164306
1712934066
3050515223
3542682189
3371754449
2869696130
2685496294
4908358
2628077982
2119900800
3556504699
3726325547
1430804515
1047589227
3136522619
1396742091
3022121708
3738645481
270515405
820626893
3938566480
2437440080
952210991
1024847608
3450340717
4155553747
612008756
3449629566
2332124098
1924014661
391769540
345512146
4265854111
1374624035
3758471265
2181588439
4286255503
4006490764
2101470723
468399890
1294704108
2367674808
1250224900
3034658174
536057930
2351240811
1429152571
3498108527
3961032444
2320500418
872745309
4139655027
3433513288
2590662547
2350335400
2523796088
1235478543
1911213318
393556846
2561032558
3427104802
1653137830
1361705853
2472402291
1039842313
1246955725
789710165
813429543
3528174821
801997238
141615453
2631840743
4214650297
2820330616
1116932916
2046685053
296718910
385792673
2915097211
3253884089
559309740
3765700076
642313785
3965891273
165964263
3618339113
344663897
3857624183
3003568553
3964608892
3562077771
2321859002
2935603212
1680603715
3598603774
3029169138
2253027921
1183839550
2241071400
3485918758
1011472240
3648514452
924282501
3844163079
2918320135
2533176785
3544478865
4079209077
1801409090
2489771123
1182021442
1935153794
2115938758
2835732305
2753919387
4278894834
3007445710
3938232529
4219635214
3407305307
1534881947
353789297
1392964598
2631883399
495423392
2089261941
2521466637
2706462216
1439975735
3629580547
817670927
1043830062
69617247
3141722291
1164099200
503087955
3029382665
946870805
1597986361
3412707897
732213633
1428231902
1830219289
3504320068
267114566
432105998
3363468388
628604923
3673582688
2996472583
939625288
194278834
3509504965
2464735850
2723895806
3908489011
4022321567
2294362798
2586302553
2923108077
317814272
114661865
534481715
2727303857
809689894
2604203649
3565192800
2473699104
514088151
1680231638
393126322
1589738943
3581334550
4211286946
498414389
156302612
2600620613
92928120
835761765
4127597890
4169090046
794448427
3084273276
532125691
2058292874
904419227
3123107922
3439180444
262357607
4024251897
2917774005
97850420
2337473310
1828018966
2665456603
435940126
3590174571
1116347427
300666186
948454522
309116048
2778524825
1293049472
1504501145
1872900586
774459494
262175296
2163102319
2006313351
169130251
2561883247
433453425
3003569921
4244437634
1680518473
856226607
1117263814
1539983295
3884362552
3142190796
2019563011
3600585155
3875367145
3944850423
2447137264
727673139
2996586110
2888969235
873659411
4151295929
3295736040
249326892
3387218611
2904264545
679500894
3631070994
695587450
1470221170
2274074476
1076693936
503425333
2563199494
3957461865
1899724294
2858755244
750843994
56709709
2025615734
2926078219
1760530272
3865891695
2444320606
3757257548
2184420900
3940680287
1337650369
2787148100
1533954792
1669205725
3597727337
2824440077
1077747588
658902819
2407759608
2967061163
53413579
1966898330
3185037724
339619333
1442750607
3174050075
196264945
2337834443
1206384020
579123109
1031352226
3273480856
4093659352
2069431580
1512797276
2620512691
1236426222
2892245837
1542757381
2535223342
4066929579
3830868349
2721926302
3666933045
2667504741
568414357
3073561712
1332717958
1666521336
3214722374
1779911709
3560110300
2795305862
346703133
6546480
2553688458
825963192
3000389808
1436244342
687537413
1028283730
958197831
2737609584
1924726586
1626281074
3050929912
3759914833
2893842436
2440191755
3756110600
1779861934
135486809
1727723914
3743872280
3014335277
2437275142
1796269371
3316512386
2844109666
3045157749
200917232
711568584
1912773092
274389612
1113371137
3012989016
677258677
1917121847
2265909325
3800812032
2092789798
3900001492
2411215788
2594063121
3244782400
297037
3796214881
167117968
2124216400
1399918424
1340279963
3598052344
2005286886
214134157
3474825489
3533555168
3758166502
4184057840
3489295582
1783001627
807459421
2356056120
4292477751
4136215718
2719095494
4202933669
358488242
3596813470
3116232238
560586627
4238366007
63261810
1725790101
4078275597
2914199756
1793084755
1357970476
14572022
917081461
61380730
3080883723
3241642982
10125660
4210118684
3533604500
2902375244
2269228690
2628786114
419980566
818019179
510688339
2612884750
2788573789
852621340
3752314606
1298867024
1202516727
2957256779
4202690752
782633882
430272796
2042709960
3667636248
3963265813
1703797119
2695689418
349375933
93825719
1179886945
3925089473
1945526489
3435220306
3403080981
497268707
3699512616
1101610897
573036910
2807048834
2237100395
3510161745
2795092705
2769999092
1490581367
494390849
3744626686
663315338
1195761055
3656046887
79776131
181666838
174647439
883628286
2924858880
1115271502
2398119637
1351683037
4065197529
1575796843
4030563947
2437255599
3907781044
3648307527
180408078
3635088177
3217509546
4128335055
3012167164
2609607074
2814757768
2123799796
3059552807
2766575050
3877110563
1969948438
2749385532
1870203226
1599657398
3742680595
2310386537
765742498
892683642
1613099183
2521684856
1249987924
38212704
594668077
648639590
1165540020
1431978118
1449599000
3391405646
1577118318
3085931549
402470711
1452798333
3347570172
2665190899
153182032
176965320
1158018295
703775688
641736991
4217288807
2505903736
1243525560
1550082103
1695618647
4249024152
2355722128
556803597
1260173502
493476349
2053272111
3137566956
1029529789
4010443246
207259504
1322333524
771319624
3680944091
2246483626
3129574110
304353767
1299960584
1731598298
3588701760
1410985725
1285163746
1781215745
466654281
426921188
2408746438
3902654486
2066619267
2035834474
1447749898
3611416074
3426844285
4192873573
3488925036
1475972383
533970968
2057660953
498250835
3004738893
2137753492
1831955275
162454481
1296664029
1439165854
3155731468
2951117067
3841417823
668572196
3950033510
715353336
2691836577
2424454875
1613066650
3462252552
4185705560
4258459003
2743962365
373326186
282757782
3469356772
363653026
850576531
3220665295
949439990
262663686
1652754538
33719837
421235424
1691392276
2390040248
2229104039
1244770884
1926483038
3952025687
2098601770
3385674490
2512077838
3068351991
2917582314
933096866
1816934710
359330905
1581971555
945484900
4245399311
4291130326
1120627998
2513535058
3337619764
715460431
1852080196
824397567
1539833324
493974502
274267789
3530380183
3709043303
3663000168
3015084888
118622482
3878401464
2258361299
1939657865
3231698320
2907353430
866243011
510715802
2134974446
1709197716
1101571810
890054542
2753062336
180824245
4282256290
4071463008
3424949593
927259237
2677547401
628587761
449381103
850274849
1968847554
1623634926
1553240962
2346732607
3551880369
649976181
449881843
4246390735
2560833335
4221906522
2095520585
637381823
2421949756
1743356772
2741750530
2920274889
1817797143
3769506332
2238659990
2127752240
2917650164
3938685445
3812994163
1384956482
3579999111
2140787316
4287163523
2141670795
2727582524
2877920774
3756803620
867546063
2331347204
2618944821
3999960624
939623322
41681216
1461235107
3030502010
4134191465
3208507580
3861210116
1366913873
3513791695
1382227386
152335022
2255319043
637230910
3755876994
1103299418
2588090235
3367969788
669608419
3617794109
1627814541
2503743375
1264362551
3084351949
3033849805
3466276465
2020487408
285010302
3435741176
363539490
2218470014
3731876940
3932103863
169289720
284991215
966757008
560468098
174513231
1290415601
65649155
3259445207
3624757789
1926675489
1419891974
3701846868
690158553
3438746028
639174842
3731018816
2817857885
1978842145
4160097920
1594815265
2168957173
1641676346
3870154143
2275506576
2157914404
144388257
2464763530
389325421
2914441782
3410827479
3457921067
2224785989
3254925436
2577591474
4254304989
327955553
3208191932
1831230937
3890298585
3241060793
885213515
1244098011
2299595505
3870361315
2571028679
1794611923
3546339946
4177064050
2071091468
3631360397
3397491824
4175712391
1668890678
2608891611
2518519248
1003180212
3656376972
3714187811
3427639330
87968579
2821727148
3802141494
1033790
3181477283
781550571
1298978691
2176937625
2449276553
1092894812
1428874699
281839378
2119609406
3693171170
1125313763
4049926617
3543435376
1300537030
3317776995
1752660908
1649953460
3479084708
1647890593
267399353
703495998
2753009008
4018046445
546838738
1026289731
1233035035
3132966726
3564568121
1434624958
238486823
4045266936
154334647
2067298396
1794720993
605181854
2112397877
3822355465
3707953409
2585427312
3080302223
350553677
2892848633
3000878210
650145384
3480162589
4237869690
1515143494
1765833704
151096047
2627535860
2002652868
1660790869
1970884635
202004840
435855471
2022453751
3342121734
650119557
86878932
139438106
2569680034
2651714652
569950551
2705684634
1391188678
452229248
3006819391
2358554521
2787400538
1488927647
837405313
1646750909
3364750263
3334698061
3339169530
2105906982
476728159
3785054264
258388782
2620444331
3009987924
2006558947
2638530879
2715762088
4011136628
1451120739
2793756760
533966600
4163908170
2931442385
3064961203
2671630485
1272969854
3386867269
3646992262
545929535
4116593315
3916079536
1664925562
3433144373
1261876550
3938001436
3203118315
3747508089
4112632480
2924900395
4223662561
3480000915
522063594
2229119418
3695528078
3373650196
4277105100
812296306
164000792
3359154502
1683740535
1909454869
1595931005
3249641925
818094884
1956229773
1531386948
3391128910
2714476931
323581051
4108125654
191731218
3873749216
4012743225
171715696
2088063219
1096875923
3870072203
114486653
4057813184
2233654351
2862643607
2444939137
2455848671
3761864296
927624394
986361731
401477297
3334366259
3519271357
3799697642
3817246952
2694781678
3347479097
2157846794
3000045118
2249323908
1804363507
2178006791
1311303285
4060829534
487242133
625735599
1829528260
3830432682
2431007202
1812718941
3963741943
360914927
4019036145
449960619
1785165348
270251515
426107958
1783104835
3323526175
670689065
3153705730
4099777543
131859122
3398791653
1918641782
1851501601
2948143305
1791085174
129425551
2132987155
3948287642
3711099442
4132800012
1393713150
3103297596
1084848320
337320476
1513988968
302062763
521314538
1542981239
2971151652