0 50 143
1 49 243
2 49 247
3 50 250
4 50 135
5 49 138
6 51 140
7 51 240
8 52 243
9 51 245
10 52 247
11 51 252
12 53 131
13 53 133
14 54 136
15 53 138
16 53 141
17 53 144
18 53 237
19 54 241
20 53 245
21 53 249
22 54 252
23 53 254
24 56 130
25 55 134
26 56 136
27 56 137
28 55 139
29 56 141
30 56 144
31 55 147
32 52 147
33 56 243
34 55 245
35 55 247
36 56 249
37 56 251
38 56 254
39 58 133
40 58 135
41 57 139
42 58 143
43 58 146
44 57 149
45 57 236
46 57 239
47 57 241
48 57 245
49 58 247
50 58 250
51 59 130
52 60 134
53 59 137
54 60 140
55 60 141
56 60 146
57 60 149
58 60 236
59 59 240
60 61 241
61 59 243
62 60 246
63 60 249
64 59 251
65 61 252
66 59 254
67 59 255
68 61 129
69 61 132
70 61 137
71 62 140
72 61 143
73 62 146
74 63 225
75 62 239
76 61 243
77 61 246
78 62 248
79 62 249
80 61 255
81 64 129
82 63 131
83 63 134
84 63 135
85 64 138
86 63 140
87 63 143
88 64 146
89 63 148
90 63 151
91 64 156
92 64 159
93 63 163
94 63 169
95 63 183
96 64 187
97 63 190
98 63 235
99 63 237
100 64 240
101 63 242
102 63 244
103 64 246
104 64 249
105 63 251
106 63 253
107 63 255
108 66 133
109 66 135
110 65 138
111 65 140
112 65 143
113 65 146
114 65 149
115 65 152
116 65 154
117 66 161
118 66 163
119 65 166
120 65 169
121 65 173
122 65 175
123 65 178
124 65 181
125 66 184
126 65 192
127 65 195
128 64 198
129 65 199
130 65 202
131 65 204
132 65 205
133 65 208
134 65 211
135 65 215
136 65 217
137 65 219
138 65 222
139 65 226
140 65 229
141 65 231
142 65 233
143 65 237
144 65 240
145 65 242
146 65 244
147 66 245
148 65 247
149 66 250
150 65 253
151 66 255
152 67 129
153 68 131
154 68 133
155 68 135
156 68 138
157 68 140
158 67 142
159 68 144
160 68 146
161 67 148
162 68 150
163 67 153
164 67 155
165 66 157
166 68 159
167 67 165
168 68 169
169 68 171
170 68 174
171 68 176
172 68 179
173 68 181
174 67 187
175 67 189
176 68 192
177 67 194
178 67 197
179 68 200
180 68 201
181 68 204
182 68 205
183 67 208
184 67 213
185 68 216
186 68 218
187 67 221
188 67 224
189 68 229
190 68 233
191 68 235
192 68 237
193 68 240
194 68 242
195 68 244
196 67 247
197 67 250
198 67 253
199 68 254
200 70 129
201 69 133
202 70 135
203 70 138
204 70 140
205 70 142
206 70 144
207 70 145
208 70 148
209 70 153
210 70 156
211 70 158
212 69 161
213 69 163
214 70 166
215 69 168
216 70 173
217 70 176
218 70 178
219 69 183
220 69 185
221 70 188
222 70 190
223 70 192
224 70 194
225 70 195
226 70 198
227 70 200
228 70 203
229 69 207
230 69 211
231 70 213
232 70 216
233 69 218
234 69 221
235 69 224
236 70 227
237 70 231
238 69 237
239 70 239
240 70 242
241 70 244
242 69 246
243 70 247
244 70 250
245 70 251
246 70 253
247 70 255
248 71 131
249 72 133
250 72 135
251 72 138
252 72 140
253 72 142
254 72 145
255 72 147
256 71 151
257 72 155
258 72 158
259 71 160
260 72 161
261 72 164
262 72 165
263 72 167
264 71 170
265 72 173
266 72 176
267 71 178
268 71 181
269 72 185
270 72 188
271 72 189
272 72 192
273 72 194
274 72 199
275 72 201
276 71 204
277 72 207
278 71 209
279 72 215
280 72 218
281 72 219
282 72 221
283 72 223
284 71 225
285 71 233
286 72 235
287 72 238
288 72 241
289 72 244
290 72 247
291 72 249
292 74 129
293 74 132
294 73 135
295 74 137
296 74 140
297 74 142
298 74 145
299 73 149
300 74 152
301 73 154
302 74 156
303 74 157
304 74 159
305 74 161
306 74 164
307 73 171
308 74 174
309 74 176
310 74 178
311 73 180
312 73 182
313 74 185
314 74 188
315 74 191
316 74 193
317 73 196
318 75 197
319 74 200
320 74 203
321 73 205
322 74 207
323 74 209
324 73 212
325 74 217
326 74 225
327 73 227
328 72 229
329 74 231
330 74 233
331 74 237
332 74 241
333 74 244
334 74 246
335 73 251
336 73 253
337 73 255
338 77 130
339 76 133
340 76 136
341 76 139
342 76 142
343 76 144
344 75 147
345 76 150
346 76 151
347 76 154
348 76 156
349 77 161
350 76 163
351 75 166
352 75 167
353 75 169
354 76 172
355 77 174
356 77 176
357 76 178
358 76 179
359 76 182
360 75 183
361 76 187
362 76 190
363 76 192
364 76 195
365 76 199
366 76 203
367 76 206
368 76 207
369 76 211
370 75 214
371 76 217
372 75 219
373 75 221
374 75 223
375 76 225
376 76 228
377 76 229
378 76 233
379 75 235
380 76 238
381 76 241
382 76 244
383 76 246
384 75 248
385 75 249
386 76 251
387 76 254
388 78 135
389 78 139
390 78 142
391 78 145
392 77 146
393 78 149
394 78 152
395 77 156
396 77 158
397 77 165
398 77 168
399 78 170
400 78 172
401 78 174
402 78 176
403 78 178
404 78 180
405 78 183
406 77 185
407 78 188
408 78 190
409 78 192
410 78 194
411 77 197
412 78 200
413 77 202
414 78 205
415 78 207
416 77 209
417 79 211
418 78 214
419 78 216
420 78 219
421 78 221
422 78 223
423 78 227
424 77 231
425 78 233
426 78 235
427 78 239
428 78 242
429 78 243
430 78 246
431 78 247
432 78 250
433 78 253
434 78 255
435 79 133
436 79 137
437 80 141
438 80 144
439 80 147
440 80 149
441 79 151
442 79 154
443 80 155
444 79 157
445 79 160
446 80 163
447 79 166
448 79 168
449 79 170
450 79 172
451 79 174
452 79 176
453 80 178
454 80 181
455 79 185
456 79 186
457 81 188
458 80 189
459 79 192
460 80 194
461 80 197
462 80 199
463 80 202
464 80 204
465 80 209
466 80 213
467 80 215
468 79 218
469 79 225
470 79 229
471 80 233
472 79 237
473 80 239
474 80 242
475 80 245
476 80 247
477 80 249
478 80 252
479 80 253
480 80 255
481 81 130
482 81 135
483 82 138
484 81 140
485 82 142
486 82 143
487 82 146
488 81 151
489 82 154
490 81 157
491 82 160
492 82 165
493 81 168
494 81 169
495 81 171
496 81 174
497 81 176
498 81 179
499 81 183
500 81 186
501 81 191
502 82 194
503 82 201
504 82 204
505 81 206
506 82 207
507 82 211
508 82 214
509 81 217
510 81 221
511 81 226
512 81 229
513 81 232
514 81 237
515 82 241
516 82 244
517 82 251
518 82 254
519 82 255
520 84 130
521 83 133
522 84 135
523 84 138
524 84 140
525 84 142
526 84 145
527 83 148
528 86 171
529 86 178
530 86 185
531 84 193
532 83 197
533 83 199
534 84 203
535 84 206
536 83 209
537 86 221
538 83 235
539 84 238
540 83 239
541 84 243
542 83 246
543 83 247
544 83 249
545 84 252
546 84 253
547 86 133
548 86 135
549 86 138
550 86 139
551 85 145
552 85 149
553 87 193
554 85 195
555 86 198
556 85 201
557 86 204
558 86 206
559 85 208
560 85 209
561 85 211
562 86 237
563 85 240
564 86 242
565 86 245
566 86 247
567 86 250
568 86 253
569 85 255
570 87 130
571 88 134
572 88 137
573 87 141
574 87 143
575 87 146
576 88 149
577 88 195
578 88 201
579 87 204
580 87 206
581 88 208
582 88 209
583 87 212
584 87 235
585 87 239
586 89 245
587 89 247
588 87 250
589 88 252
590 87 254
591 90 129
592 91 132
593 91 137
594 90 141
595 90 145
596 90 148
597 90 193
598 89 197
599 89 199
600 90 203
601 90 206
602 90 211
603 90 235
604 89 237
605 90 239
606 89 242
607 90 249
608 90 251
609 89 253
610 90 255
611 91 135
612 91 139
613 91 145
614 91 148
615 92 195
616 91 198
617 91 201
618 91 204
619 91 206
620 91 209
621 92 237
622 92 239
623 91 242
624 91 245
625 92 252
626 91 254
627 94 135
628 94 137
629 93 140
630 93 143
631 94 145
632 94 147
633 93 149
634 94 197
635 93 200
636 93 203
637 94 206
638 94 208
639 94 209
640 93 211
641 92 214
642 93 235
643 94 239
644 94 241
645 94 244
646 93 246
647 93 249
648 94 255
649 94 130
650 95 133
651 95 139
652 96 141
653 96 143
654 96 146
655 96 149
656 95 193
657 96 199
658 95 201
659 96 204
660 96 211
661 96 214
662 95 237
663 96 239
664 96 243
665 96 246
666 96 247
667 95 250
668 95 253
669 97 130
670 97 134
671 97 137
672 98 140
673 98 145
674 97 149
675 97 193
676 97 197
677 98 201
678 98 204
679 97 206
680 97 208
681 97 209
682 98 212
683 98 235
684 98 238
685 98 239
686 98 242
687 98 245
688 97 251
689 98 253
690 97 255
691 99 131
692 100 133
693 99 135
694 100 139
695 99 143
696 100 145
697 99 147
698 100 149
699 100 193
700 99 196
701 100 199
702 100 203
703 100 206
704 100 208
705 99 210
706 100 211
707 101 214
708 100 245
709 99 247
710 99 249
711 100 252
712 100 255
713 101 129
714 102 132
715 102 133
716 101 137
717 102 140
718 101 142
719 102 144
720 102 145
721 102 148
722 101 193
723 102 196
724 102 202
725 102 206
726 102 207
727 102 210
728 102 211
729 106 214
730 101 236
731 101 239
732 101 242
733 101 243
734 102 245
735 102 247
736 102 249
737 102 251
738 102 254
739 103 129
740 103 135
741 104 137
742 104 140
743 104 141
744 104 143
745 104 146
746 103 148
747 104 191
748 104 194
749 104 196
750 103 198
751 103 200
752 104 205
753 104 209
754 103 211
755 104 236
756 103 240
757 104 242
758 104 244
759 104 246
760 104 248
761 104 253
762 103 255
763 106 129
764 105 132
765 106 135
766 106 139
767 106 145
768 105 148
769 105 149
770 106 193
771 106 196
772 106 198
773 106 199
774 105 201
775 105 203
776 106 206
777 106 207
778 106 210
779 106 211
780 111 213
781 105 237
782 106 240
783 106 243
784 106 246
785 105 248
786 105 250
787 107 251
788 106 254
789 108 131
790 107 134
791 107 137
792 108 139
793 107 141
794 107 143
795 108 145
796 108 148
797 108 149
798 108 192
799 108 196
800 108 197
801 108 201
802 108 203
803 108 209
804 108 237
805 107 240
806 108 243
807 108 246
808 108 247
809 107 249
810 108 253
811 109 129
812 109 133
813 110 137
814 109 141
815 110 144
816 109 146
817 110 149
818 110 193
819 109 196
820 109 199
821 110 202
822 109 205
823 110 207
824 110 210
825 108 211
826 110 239
827 109 241
828 109 244
829 109 246
830 109 247
831 110 250
832 110 251
833 109 253
834 112 254
835 111 131
836 112 134
837 111 139
838 111 142
839 111 144
840 112 146
841 112 148
842 111 191
843 111 195
844 111 198
845 111 201
846 112 203
847 112 206
848 112 209
849 112 241
850 111 243
851 112 246
852 111 248
853 112 250
854 114 131
855 113 135
856 113 137
857 114 139
858 113 142
859 114 144
860 114 147
861 113 150
862 113 151
863 114 190
864 113 193
865 114 195
866 113 198
867 113 201
868 113 211
869 116 236
870 113 244
871 113 245
872 114 247
873 117 252
874 115 133
875 116 135
876 115 138
877 115 141
878 115 147
879 116 149
880 116 152
881 114 156
882 116 191
883 115 194
884 115 197
885 115 199
886 115 202
887 115 205
888 115 208
889 119 213
890 118 132
891 118 137
892 117 139
893 118 142
894 117 144
895 117 145
896 118 148
897 118 151
898 118 153
899 117 188
900 118 192
901 118 194
902 117 195
903 118 197
904 118 200
905 118 202
906 117 205
907 118 208
908 119 134
909 120 139
910 120 141
911 120 145
912 119 148
913 120 149
914 120 152
915 120 155
916 119 187
917 120 191
918 120 194
919 120 196
920 120 199
921 120 203
922 120 205
923 120 207
924 122 131
925 122 133
926 121 136
927 121 143
928 122 146
929 122 148
930 122 150
931 122 153
932 121 185
933 122 188
934 122 190
935 122 193
936 122 195
937 122 198
938 121 201
939 124 135
940 123 138
941 123 140
942 123 141
943 124 144
944 124 146
945 124 148
946 124 150
947 125 153
948 123 156
949 123 182
950 124 187
951 124 197
952 123 200
953 123 205
954 126 135
955 126 138
956 126 140
957 126 141
958 126 143
959 126 146
960 126 148
961 126 149
962 126 151
963 125 159
964 125 162
965 126 171
966 125 177
967 125 179
968 125 182
969 125 185
970 126 188
971 125 190
972 125 192
973 125 195
974 126 197
975 125 199
976 125 202
977 127 137
978 128 139
979 128 145
980 128 148
981 127 151
982 127 154
983 128 156
984 128 157
985 127 160
986 127 164
987 127 167
988 127 169
989 127 172
990 127 174
991 128 176
992 128 177
993 128 181
994 127 183
995 128 185
996 128 191
997 128 195
998 128 199
999 127 202
1000 125 211
1001 130 137
1002 129 142
1003 130 148
1004 130 151
1005 130 159
1006 129 162
1007 129 165
1008 130 168
1009 130 170
1010 130 172
1011 130 174
1012 130 177
1013 129 179
1014 130 182
1015 130 183
1016 130 185
1017 129 188
1018 129 189
1019 129 193
1020 129 196
1021 129 199
1022 129 201
1023 132 205
1024 131 139
1025 132 142
1026 131 145
1027 132 148
1028 131 153
1029 131 159
1030 131 162
1031 132 165
1032 132 167
1033 132 169
1034 132 172
1035 132 174
1036 131 176
1037 132 178
1038 132 181
1039 132 184
1040 132 187
1041 131 191
1042 132 193
1043 132 195
1044 132 197
1045 132 199
1046 134 145
1047 134 148
1048 134 152
1049 133 156
1050 134 157
1051 134 160
1052 134 161
1053 133 163
1054 134 165
1055 134 171
1056 134 174
1057 134 176
1058 134 178
1059 134 181
1060 133 187
1061 134 189
1062 134 191
1063 135 141
1064 135 143
1065 135 150
1066 136 155
1067 136 158
1068 137 161
1069 136 164
1070 135 167
1071 135 169
1072 135 172
1073 136 174
1074 136 177
1075 136 179
1076 135 181
1077 135 183
1078 135 185
1079 136 187
1080 136 191
1081 135 193
1082 135 195
1083 134 197
1084 137 145
1085 137 148
1086 137 151
1087 137 153
1088 137 156
1089 138 159
1090 138 163
1091 137 169
1092 138 172
1093 138 175
1094 139 177
1095 138 180
1096 138 181
1097 137 185
1098 138 188
1099 137 189
1100 138 191
1101 137 193
1102 141 197
1103 140 148
1104 139 151
1105 140 154
1106 140 155
1107 139 157
1108 140 160
1109 140 163
1110 139 165
1111 139 167
1112 140 169
1113 140 175
1114 139 183
1115 140 186
1116 140 187
1117 139 190
1118 141 152
1119 142 157
1120 142 161
1121 142 164
1122 142 166
1123 142 168
1124 141 171
1125 142 174
1126 142 177
1127 141 179
1128 142 181
1129 142 183
1130 141 185
1131 141 187
1132 143 159
1133 143 162
1134 144 164
1135 144 166
1136 144 167
1137 144 170
1138 144 172
1139 143 179
1140 150 166
1141 148 174
1142 151 178
1143 154 211
1144 155 181
1145 155 184
1146 155 187
1147 155 207
1148 155 209
1149 156 211
1150 157 214
1151 157 180
1152 158 183
1153 157 185
1154 157 188
1155 157 189
1156 157 203
1157 158 207
1158 158 209
1159 159 178
1160 160 181
1161 160 183
1162 159 185
1163 159 188
1164 160 189
1165 160 203
1166 159 205
1167 160 207
1168 159 211
1169 161 178
1170 162 181
1171 162 183
1172 162 186
1173 162 187
1174 162 189
1175 162 203
1176 161 206
1177 163 207
1178 161 209
1179 161 211
1180 161 213
1181 160 215
1182 164 178
1183 164 181
1184 164 185
1185 164 190
1186 164 205
1187 164 209
1188 164 211
1189 163 214
1190 165 181
1191 165 183
1192 166 186
1193 165 188
1194 166 190
1195 165 203
1196 165 213
1197 166 215
1198 167 178
1199 168 181
1200 168 183
1201 168 189
1202 167 203
1203 167 207
1204 167 210
1205 167 213
1206 168 214
1207 169 178
1208 169 185
1209 169 187
1210 170 190
1211 170 203
1212 169 206
1213 169 211
1214 170 213
1215 172 178
1216 171 182
1217 171 185
1218 172 187
1219 172 190
1220 172 191
1221 171 205
1222 171 209
1223 172 211
1224 171 215
1225 173 178
1226 173 183
1227 174 186
1228 174 189
1229 173 203
1230 174 206
1231 173 209
1232 174 211
1233 173 213
1234 174 215
1235 175 179
1236 175 181
1237 176 183
1238 176 186
1239 176 187
1240 176 190
1241 176 203
1242 176 209
1243 176 211
1244 176 214
1245 177 177
1246 178 179
1247 178 181
1248 179 183
1249 178 186
1250 178 189
1251 177 203
1252 177 206
1253 177 207
1254 177 211
1255 178 213
1256 178 215
1257 180 177
1258 181 181
1259 179 186
1260 179 189
1261 179 191
1262 179 203
1263 179 209
1264 180 211
1265 180 214
1266 180 215
1267 181 179
1268 182 183
1269 181 186
1270 182 189
1271 182 191
1272 182 203
1273 181 206
1274 181 207
1275 182 209
1276 182 211
1277 182 214
1278 182 215
1279 184 177
1280 184 180
1281 184 181
1282 183 183
1283 184 185
1284 183 187
1285 184 189
1286 184 191
1287 184 203
1288 184 206
1289 184 207
1290 184 209
1291 184 213
1292 186 179
1293 185 183
1294 186 187
1295 186 190
1296 186 205
1297 185 207
1298 186 209
1299 185 211
1300 186 214
1301 184 215
1302 188 178
1303 187 181
1304 188 183
1305 187 185
1306 188 187
1307 188 189
1308 187 203
1309 188 206
1310 188 207
1311 188 211
1312 188 213
1313 188 215
1314 190 183
1315 190 185
1316 190 187
1317 190 190
1318 190 203
1319 190 206
1320 190 207
1321 189 209
1322 190 211
1323 190 214
1324 191 179
1325 191 182
1326 191 187
1327 192 203
1328 192 206
1329 192 207
1330 192 209
1331 192 211
1332 191 213
1333 192 215
1334 194 178
1335 193 181
1336 193 185
1337 194 187
1338 193 190
1339 194 203
1340 194 205
1341 194 207
1342 194 209
1343 193 213
1344 195 181
1345 196 183
1346 196 185
1347 195 189
1348 196 203
1349 196 207
1350 197 209
1351 195 211
1352 196 214
1353 194 215
1354 198 178
1355 198 181
1356 197 187
1357 198 190
1358 198 191
1359 197 203
1360 197 205
1361 198 207
1362 198 212
1363 198 215
1364 200 181
1365 199 184
1366 199 187
1367 200 203
1368 200 206
1369 199 209
1370 200 213
1371 201 215
1372 202 181
1373 201 185
1374 202 187
1375 201 189
1376 201 191
1377 202 205
1378 201 208
1379 201 211
1380 202 214
1381 204 215
1382 203 177
1383 203 179
1384 204 183
1385 204 186
1386 204 189
1387 204 190
1388 203 205
1389 203 208
1390 204 211
1391 206 179
1392 205 182
1393 206 185
1394 206 187
1395 206 190
1396 205 203
1397 206 206
1398 206 209
1399 205 213
1400 209 179
1401 207 182
1402 207 185
1403 208 187
1404 208 189
1405 207 203
1406 207 206
1407 207 212
1408 207 215
1409 210 177
1410 210 181
1411 209 183
1412 210 186
1413 210 189
1414 209 203
1415 210 206
1416 209 208
1417 209 210
1418 210 213
1419 210 215
1420 213 178
1421 212 181
1422 212 184
1423 212 187
1424 211 190
1425 212 203
1426 212 209
1427 211 211
1428 212 214
1429 214 180
1430 214 185
1431 213 189
1432 215 190
1433 213 205
1434 214 209
1435 214 212
1436 214 215
1437 215 181
1438 215 183
1439 216 186
1440 215 187
1441 216 190
1442 215 203
1443 216 206
1444 215 207
1445 216 209
1446 216 211
1447 216 214
1448 217 178
1449 218 181
1450 218 184
1451 219 187
1452 218 189
1453 219 190
1454 217 203
1455 218 206
1456 218 207
1457 218 209
1458 218 211
1459 218 213
1460 218 215
1461 219 179
1462 220 189
1463 219 203
1464 221 206
1465 220 207
1466 219 211
1467 220 214
1468 222 177
1469 222 179
1470 221 181
1471 221 183
1472 221 186
1473 223 187
1474 221 190
1475 221 203
1476 223 206
1477 222 207
1478 221 209
1479 222 211
1480 222 214
1481 224 181
1482 223 189
1483 224 190
1484 223 203
1485 223 209
1486 224 212
1487 225 177
1488 225 179
1489 225 183
1490 225 187
1491 226 189
1492 227 190
1493 226 203
1494 226 205
1495 225 207
1496 226 210
1497 227 213
1498 225 215
1499 228 179
1500 227 181
1501 227 184
1502 227 185
1503 228 188
1504 228 209
1505 230 179
1506 229 182
1507 229 184
1508 230 186
1509 229 188
1510 229 203
1511 230 206
1512 230 207
1513 230 210
1514 229 212
1515 232 181
1516 232 184
1517 231 187
1518 237 187
1519 232 209
1520 237 205
1521 235 136
1522 235 140
1523 236 143
1524 238 137
1525 238 139
1526 237 141
1527 237 147
1528 234 251
1529 238 133
1530 240 136
1531 239 141
1532 239 144
1533 240 145
1534 240 147
1535 236 213
1536 239 243
1537 239 246
1538 239 250
1539 241 130
1540 241 131
1541 241 133
1542 241 139
1543 242 142
1544 242 143
1545 242 147
1546 241 149
1547 241 240
1548 241 245
1549 241 249
1550 241 252
1551 244 130
1552 244 133
1553 244 134
1554 244 135
1555 243 137
1556 244 140
1557 244 141
1558 243 145
1559 243 147
1560 244 149
1561 243 237
1562 243 239
1563 244 242
1564 244 243
1565 244 245
1566 243 247
1567 244 249
1568 244 251
1569 243 253
1570 245 255
1571 246 129
1572 246 131
1573 246 134
1574 246 139
1575 245 143
1576 246 146
1577 246 147
1578 247 149
1579 246 237
1580 246 240
1581 246 242
1582 245 249
1583 246 252
1584 246 253
1585 249 129
1586 248 132
1587 247 134
1588 247 136
1589 247 137
1590 247 141
1591 248 143
1592 248 146
1593 249 148
1594 248 149
1595 247 235
1596 248 240
1597 247 242
1598 247 244
1599 248 247
1600 248 249
1601 248 252
1602 248 255
1603 250 131
1604 250 133
1605 250 135
1606 250 138
1607 249 140
1608 250 141
1609 250 143
1610 250 152
1611 249 237
1612 250 240
1613 250 242
1614 250 243
1615 249 245
1616 250 251
1617 252 130
1618 252 137
1619 252 139
1620 252 142
1621 251 145
1622 251 147
1623 252 150
1624 251 156
1625 251 160
1626 251 166
1627 251 170
1628 252 172
1629 251 173
1630 251 176
1631 251 178
1632 251 179
1633 251 182
1634 251 184
1635 251 186
1636 251 189
1637 251 193
1638 251 196
1639 251 199
1640 251 202
1641 251 205
1642 251 209
1643 251 212
1644 251 219
1645 251 223
1646 251 227
1647 251 229
1648 251 232
1649 251 233
1650 251 235
1651 251 237
1652 252 240
1653 252 242
1654 252 245
1655 251 248
1656 252 251
1657 251 254
1658 253 132
1659 253 135
1660 254 141
1661 254 144
1662 253 147
1663 254 150
1664 252 153
1665 254 157
1666 254 160
1667 253 162
1668 251 163
1669 253 165
1670 254 168
1671 254 170
1672 254 175
1673 254 178
1674 254 180
1675 254 182
1676 254 183
1677 254 186
1678 254 189
1679 253 191
1680 254 194
1681 253 197
1682 253 203
1683 254 205
1684 253 208
1685 254 211
1686 252 215
1687 254 217
1688 254 219
1689 254 222
1690 254 225
1691 254 228
1692 254 230
1693 254 232
1694 254 235
1695 254 237
1696 254 239
1697 254 242
1698 254 243
1699 254 247
1700 253 249
1701 253 254
1702 256 129
1703 256 131
1704 255 133
1705 255 137
1706 256 141
1707 256 143
1708 255 145
1709 255 147
1710 256 150
1711 256 153
1712 256 159
1713 256 161
1714 256 164
1715 256 166
1716 256 168
1717 256 175
1718 256 178
1719 256 179
1720 256 182
1721 256 187
1722 256 190
1723 256 192
1724 256 194
1725 255 196
1726 256 198
1727 255 200
1728 255 201
1729 256 204
1730 256 206
1731 255 208
1732 256 211
1733 256 215
1734 256 227
1735 256 230
1736 256 233
1737 256 239
1738 256 242
1739 255 245
1740 256 247
1741 256 250
1742 255 252
1743 255 253
1744 256 255
1745 258 133
1746 257 135
1747 258 138
1748 257 140
1749 258 142
1750 258 144
1751 258 147
1752 258 151
1753 258 163
1754 258 166
1755 258 168
1756 257 170
1757 256 172
1758 258 173
1759 258 176
1760 258 178
1761 258 182
1762 257 185
1763 258 189
1764 258 192
1765 258 194
1766 258 196
1767 258 199
1768 258 201
1769 258 204
1770 258 206
1771 258 207
1772 257 209
1773 257 213
1774 257 217
1775 257 219
1776 257 221
1777 257 224
1778 258 227
1779 258 230
1780 257 232
1781 258 233
1782 257 235
1783 257 237
1784 258 241
1785 258 244
1786 258 245
1787 258 247
1788 258 250
1789 258 253
1790 258 255
1791 259 130
1792 260 133
1793 260 136
1794 260 141
1795 260 144
1796 259 146
1797 260 148
1798 259 150
1799 260 152
1800 259 154
1801 258 156
1802 259 157
1803 259 160
1804 260 162
1805 260 165
1806 260 168
1807 259 171
1808 260 175
1809 260 178
1810 259 180
1811 259 187
1812 260 190
1813 260 192
1814 260 194
1815 260 195
1816 261 197
1817 261 200
1818 260 203
1819 261 206
1820 261 207
1821 260 209
1822 259 211
1823 260 214
1824 259 216
1825 259 219
1826 259 223
1827 259 225
1828 260 228
1829 261 230
1830 260 232
1831 262 233
1832 260 235
1833 259 239
1834 260 241
1835 260 244
1836 260 246
1837 261 248
1838 260 250
1839 260 253
1840 260 255
1841 262 130
1842 261 138
1843 262 142
1844 262 145
1845 262 146
1846 262 148
1847 262 150
1848 262 152
1849 262 154
1850 262 155
1851 262 158
1852 262 163
1853 262 167
1854 261 169
1855 262 172
1856 261 174
1857 262 176
1858 262 178
1859 262 180
1860 261 182
1861 260 184
1862 262 187
1863 262 190
1864 262 191
1865 262 193
1866 261 201
1867 262 204
1868 262 206
1869 262 207
1870 262 209
1871 262 211
1872 262 214
1873 262 216
1874 261 218
1875 262 220
1876 261 221
1877 262 223
1878 262 226
1879 262 228
1880 262 230
1881 263 232
1882 261 237
1883 262 240
1884 262 242
1885 262 245
1886 263 247
1887 262 254
1888 264 130
1889 263 134
1890 263 139
1891 264 142
1892 264 145
1893 264 146
1894 264 148
1895 264 149
1896 264 152
1897 264 153
1898 264 157
1899 263 160
1900 264 167
1901 263 170
1902 265 171
1903 264 174
1904 264 176
1905 264 177
1906 264 183
1907 263 185
1908 264 189
1909 263 195
1910 264 201
1911 264 209
1912 264 213
1913 264 216
1914 264 218
1915 264 219
1916 264 222
1917 264 225
1918 264 228
1919 264 229
1920 264 232
1921 263 235
1922 264 237
1923 263 240
1924 264 241
1925 264 243
1926 264 247
1927 263 250
1928 263 252
1929 264 255
1930 267 130
1931 266 134
1932 265 137
1933 266 140
1934 266 142
1935 266 145
1936 266 146
1937 266 148
1938 266 151
1939 265 155
1940 266 158
1941 266 160
1942 265 163
1943 265 165
1944 266 169
1945 266 173
1946 265 179
1947 265 181
1948 266 183
1949 266 185
1950 265 187
1951 265 191
1952 265 193
1953 266 196
1954 264 198
1955 266 200
1956 267 201
1957 265 204
1958 265 206
1959 265 207
1960 266 209
1961 265 211
1962 266 214
1963 267 216
1964 266 217
1965 266 221
1966 265 223
1967 266 225
1968 266 228
1969 266 233
1970 265 239
1971 266 242
1972 266 245
1973 266 248
1974 265 252
1975 266 254
1976 268 135
1977 268 138
1978 268 140
1979 268 142
1980 268 145
1981 268 146
1982 268 147
1983 268 150
1984 268 152
1985 267 154
1986 268 156
1987 268 157
1988 268 160
1989 268 163
1990 268 166
1991 267 168
1992 267 171
1993 267 175
1994 267 177
1995 267 179
1996 267 181
1997 267 185
1998 267 189
1999 267 191
2000 267 193
2001 268 195
2002 268 203
2003 267 205
2004 267 208
2005 267 209
2006 267 211
2007 268 214
2008 267 219
2009 267 222
2010 268 224
2011 268 227
2012 267 230
2013 267 231
2014 268 234
2015 267 236
2016 267 237
2017 267 239
2018 267 242
2019 268 247
2020 267 250
2021 267 251
2022 268 253
2023 268 255
2024 269 131
2025 269 135
2026 270 139
2027 271 141
2028 270 144
2029 270 146
2030 270 149
2031 270 152
2032 270 155
2033 270 161
2034 270 165
2035 270 167
2036 270 170
2037 271 174
2038 269 183
2039 268 187
2040 274 188
2041 270 194
2042 270 199
2043 268 198
2044 270 213
2045 270 219
2046 271 224
2047 272 235
2048 270 237
2049 270 239
2050 270 242
2051 269 244
2052 269 245
2053 270 247
2054 270 249
2055 270 252
2056 270 254
2057 271 133
2058 271 136
2059 271 137
2060 272 139
2061 272 143
2062 272 146
2063 272 147
2064 272 149
2065 271 152
2066 272 155
2067 271 158
2068 272 161
2069 272 163
2070 272 167
2071 271 172
2072 272 241
2073 272 244
2074 272 246
2075 272 247
2076 272 254
2077 277 132
2078 274 138
2079 274 141
2080 273 143
2081 274 145
2082 274 151
2083 273 157
2084 273 159
2085 274 161
2086 274 165
2087 274 168
2088 273 171
2089 273 175
2090 274 178
2091 273 238
2092 274 243
2093 274 246
2094 273 249
2095 273 253
2096 275 143
2097 276 145
2098 275 148
2099 275 149
2100 275 153
2101 275 155
2102 276 157
2103 276 160
2104 275 163
2105 275 173
2106 276 176
2107 275 181
2108 276 236
2109 276 239
2110 275 241
2111 276 244
2112 276 246
2113 275 248
2114 275 251
2115 276 253
2116 275 255
2117 280 143
2118 278 147
2119 277 149
2120 277 151
2121 278 154
2122 278 155
2123 278 159
2124 278 161
2125 278 164
2126 277 166
2127 277 170
2128 278 173
2129 277 175
2130 277 178
2131 277 179
2132 277 182
2133 278 239
2134 278 242
2135 278 244
2136 278 246
2137 278 247
2138 278 249
2139 277 252
2140 277 253
2141 277 255
2142 279 149
2143 280 151
2144 280 157
2145 280 160
2146 281 161
2147 280 163
2148 279 166
2149 280 170
2150 279 175
2151 280 179
2152 280 182
2153 279 184
2154 279 187
2155 281 189
2156 279 235
2157 279 238
2158 280 243
2159 280 245
2160 279 247
2161 279 251
2162 280 253
2163 279 255
2164 285 150
2165 281 154
2166 282 156
2167 282 159
2168 283 162
2169 282 165
2170 281 168
2171 282 171
2172 281 173
2173 282 175
2174 281 178
2175 282 181
2176 282 183
2177 281 186
2178 282 191
2179 282 237
2180 281 241
2181 282 244
2182 282 247
2183 282 250
2184 282 251
2185 282 254
2186 281 255
2187 283 156
2188 284 159
2189 284 167
2190 283 169
2191 284 172
2192 284 174
2193 283 177
2194 284 181
2195 283 185
2196 283 187
2197 284 189
2198 284 193
2199 284 195
2200 284 237
2201 284 243
2202 284 245
2203 283 247
2204 284 252
2205 285 157
2206 285 161
2207 285 164
2208 286 171
2209 286 177
2210 285 179
2211 286 182
2212 286 184
2213 286 186
2214 286 187
2215 285 191
2216 285 197
2217 285 200
2218 285 239
2219 285 241
2220 286 244
2221 286 247
2222 285 250
2223 287 163
2224 287 166
2225 287 169
2226 288 171
2227 287 173
2228 287 175
2229 287 179
2230 288 182
2231 288 185
2232 288 188
2233 287 189
2234 288 192
2235 287 195
2236 288 198
2237 287 202
2238 287 241
2239 287 244
2240 287 247
2241 286 249
2242 289 166
2243 289 167
2244 290 170
2245 291 171
2246 289 173
2247 290 176
2248 289 177
2249 290 179
2250 290 182
2251 289 183
2252 290 185
2253 290 188
2254 290 190
2255 290 193
2256 290 197
2257 289 201
2258 293 162
2259 292 173
2260 293 176
2261 292 177
2262 292 181
2263 292 185
2264 292 188
2265 292 190
2266 292 193
2267 291 195
2268 292 198
2269 292 200
2270 292 201
2271 290 204
2272 291 208
2273 292 212
2274 293 173
2275 294 176
2276 293 179
2277 293 183
2278 294 185
2279 293 193
2280 294 196
2281 294 198
2282 294 201
2283 293 204
2284 293 205
2285 293 207
2286 293 210
2287 293 212
2288 293 215
2289 295 178
2290 295 179
2291 295 181
2292 296 184
2293 296 185
2294 295 187
2295 295 189
2296 295 191
2297 296 193
2298 296 195
2299 296 198
2300 295 200
2301 295 203
2302 295 207
2303 295 210
2304 295 211
2305 295 213
2306 296 216
2307 296 219
2308 298 141
2309 297 180
2310 298 183
2311 297 189
2312 298 192
2313 298 194
2314 298 197
2315 298 200
2316 297 201
2317 298 203
2318 297 205
2319 298 207
2320 298 209
2321 298 211
2322 298 213
2323 299 219
2324 299 135
2325 299 138
2326 299 139
2327 300 142
2328 299 145
2329 299 148
2330 301 179
2331 299 185
2332 299 187
2333 299 190
2334 299 192
2335 300 194
2336 300 197
2337 299 200
2338 300 202
2339 299 205
2340 299 209
2341 300 211
2342 299 215
2343 299 217
2344 299 221
2345 300 223
2346 299 226
2347 299 235
2348 301 131
2349 301 133
2350 301 135
2351 302 138
2352 302 139
2353 302 143
2354 301 146
2355 302 148
2356 301 189
2357 302 191
2358 301 199
2359 303 202
2360 301 204
2361 302 206
2362 301 207
2363 302 209
2364 301 213
2365 302 215
2366 302 218
2367 302 219
2368 301 221
2369 302 225
2370 301 228
2371 304 133
2372 304 135
2373 304 138
2374 303 141
2375 304 144
2376 304 145
2377 303 148
2378 303 193
2379 303 195
2380 303 197
2381 304 200
2382 302 201
2383 304 204
2384 304 206
2385 303 208
2386 304 209
2387 303 211
2388 304 214
2389 304 217
2390 304 221
2391 303 223
2392 303 227
2393 303 230
2394 304 232
2395 305 130
2396 307 133
2397 307 135
2398 306 138
2399 305 140
2400 306 143
2401 306 147
2402 305 149
2403 305 195
2404 306 198
2405 305 199
2406 306 201
2407 305 204
2408 306 205
2409 305 208
2410 306 209
2411 306 211
2412 305 214
2413 305 217
2414 306 223
2415 305 225
2416 306 228
2417 307 232
2418 307 130
2419 308 134
2420 309 135
2421 308 137
2422 308 140
2423 307 145
2424 307 149
2425 310 193
2426 307 199
2427 308 201
2428 307 204
2429 308 206
2430 307 207
2431 308 209
2432 308 211
2433 308 214
2434 307 216
2435 308 218
2436 306 220
2437 308 221
2438 308 225
2439 308 227
2440 307 230
2441 307 234
2442 310 130
2443 310 133
2444 310 135
2445 310 139
2446 309 142
2447 310 145
2448 309 147
2449 310 149
2450 313 155
2451 311 198
2452 309 203
2453 310 206
2454 310 208
2455 310 209
2456 310 211
2457 310 214
2458 310 216
2459 310 217
2460 310 219
2461 309 223
2462 310 226
2463 310 229
2464 310 231
2465 309 234
2466 307 237
2467 309 239
2468 309 242
2469 312 130
2470 313 133
2471 312 135
2472 311 137
2473 312 140
2474 312 142
2475 311 144
2476 312 146
2477 312 148
2478 313 149
2479 311 206
2480 312 208
2481 312 210
2482 312 213
2483 312 216
2484 311 221
2485 312 224
2486 313 227
2487 311 228
2488 312 230
2489 311 235
2490 312 238
2491 312 239
2492 311 241
2493 311 243
2494 311 246
2495 314 130
2496 314 135
2497 314 138
2498 314 139
2499 314 142
2500 314 143
2501 314 146
2502 314 148
2503 313 210
2504 313 213
2505 313 219
2506 314 222
2507 314 223
2508 314 229
2509 313 232
2510 313 233
2511 314 235
2512 314 237
2513 314 240
2514 314 241
2515 314 244
2516 314 246
2517 313 248
2518 313 249
2519 316 131
2520 316 135
2521 316 138
2522 316 141
2523 316 147
2524 316 149
2525 316 213
2526 315 216
2527 315 217
2528 316 220
2529 316 221
2530 315 225
2531 316 228
2532 316 231
2533 316 233
2534 316 237
2535 316 242
2536 316 245
2537 316 247
2538 316 249
2539 315 252
2540 318 129
2541 318 132
2542 317 134
2543 318 137
2544 317 144
2545 318 149
2546 317 151
2547 317 154
2548 318 156
2549 317 158
2550 317 164
2551 317 168
2552 317 172
2553 317 175
2554 317 177
2555 317 179
2556 317 182
2557 317 185
2558 317 187
2559 317 190
2560 317 192
2561 317 193
2562 317 196
2563 317 201
2564 317 203
2565 317 206
2566 317 208
2567 317 211
2568 318 215
2569 318 219
2570 318 223
2571 318 226
2572 318 227
2573 318 230
2574 318 235
2575 318 238
2576 318 241
2577 318 244
2578 318 247
2579 317 250
2580 318 252
2581 318 254
2582 318 255
2583 320 130
2584 319 134
2585 319 139
2586 319 142
2587 319 147
2588 320 149
2589 320 153
2590 318 161
2591 319 165
2592 320 168
2593 320 170
2594 319 175
2595 320 178
2596 320 180
2597 320 182
2598 320 185
2599 319 189
2600 320 191
2601 319 195
2602 319 198
2603 320 199
2604 320 203
2605 319 206
2606 319 209
2607 320 212
2608 319 215
2609 319 217
2610 320 220
2611 319 222
2612 320 225
2613 320 229
2614 319 232
2615 320 234
2616 320 237
2617 320 243
2618 320 246
2619 320 249
2620 321 252
2621 322 133
2622 321 135
2623 321 137
2624 322 141
2625 321 144
2626 322 146
2627 322 147
2628 322 150
2629 321 152
2630 321 155
2631 321 158
2632 322 161
2633 321 163
2634 322 166
2635 322 168
2636 321 173
2637 322 176
2638 322 178
2639 322 180
2640 322 183
2641 322 186
2642 322 189
2643 321 193
2644 322 196
2645 322 198
2646 321 201
2647 322 205
2648 322 207
2649 321 210
2650 321 215
2651 322 219
2652 322 221
2653 321 223
2654 322 226
2655 322 229
2656 322 232
2657 322 234
2658 321 243
2659 322 246
2660 322 249
2661 323 130
2662 325 133
2663 324 137
2664 323 139
2665 324 141
2666 324 144
2667 324 149
2668 324 151
2669 324 153
2670 323 156
2671 324 157
2672 324 160
2673 324 161
2674 324 164
2675 324 166
2676 323 171
2677 324 173
2678 324 176
2679 324 178
2680 324 180
2681 323 191
2682 324 194
2683 324 197
2684 324 198
2685 323 201
2686 324 205
2687 324 209
2688 323 212
2689 323 216
2690 324 219
2691 324 223
2692 324 227
2693 324 230
2694 324 232
2695 323 236
2696 323 239
2697 323 241
2698 324 244
2699 324 246
2700 323 248
2701 323 252
2702 322 255
2703 326 131
2704 325 135
2705 326 138
2706 326 140
2707 326 143
2708 325 146
2709 325 147
2710 325 155
2711 326 159
2712 326 163
2713 325 166
2714 325 168
2715 326 170
2716 326 171
2717 326 175
2718 325 178
2719 325 181
2720 325 183
2721 325 185
2722 325 187
2723 325 189
2724 326 191
2725 325 194
2726 326 196
2727 325 198
2728 325 201
2729 325 203
2730 326 206
2731 325 207
2732 325 211
2733 325 214
2734 326 216
2735 325 218
2736 325 221
2737 325 224
2738 326 231
2739 325 233
2740 326 235
2741 325 237
2742 325 241
2743 325 244
2744 326 246
2745 325 248
2746 325 249
2747 325 251
2748 325 254
2749 327 255
2750 328 135
2751 327 145
2752 327 147
2753 327 150
2754 327 153
2755 330 153
2756 329 155
2757 328 157
2758 328 160
2759 327 162
2760 328 164
2761 328 166
2762 328 168
2763 327 173
2764 328 177
2765 327 179
2766 328 182
2767 328 184
2768 328 189
2769 328 193
2770 328 196
2771 328 199
2772 328 201
2773 328 204
2774 328 205
2775 328 208
2776 327 210
2777 328 213
2778 328 216
2779 328 219
2780 328 222
2781 328 224
2782 327 226
2783 327 227
2784 327 229
2785 328 232
2786 328 234
2787 328 237
2788 327 239
2789 328 242
2790 328 243
2791 328 245
2792 328 248
2793 328 251
2794 328 253
2795 329 130
2796 329 137
2797 329 140
2798 329 141
2799 329 143
2800 330 146
2801 329 148
2802 329 151
2803 330 159
2804 330 162
2805 330 164
2806 330 167
2807 329 170
2808 330 174
2809 330 175
2810 330 179
2811 330 181
2812 330 183
2813 329 186
2814 330 189
2815 330 193
2816 330 196
2817 330 203
2818 330 207
2819 329 210
2820 330 215
2821 329 217
2822 330 219
2823 330 223
2824 330 226
2825 330 229
2826 330 231
2827 330 234
2828 330 237
2829 330 240
2830 330 241
2831 330 244
2832 330 246
2833 330 253
2834 329 255
2835 332 129
2836 331 132
2837 331 133
2838 331 135
2839 332 137
2840 332 140
2841 332 142
2842 332 145
2843 332 147
2844 332 149
2845 332 152
2846 333 154
2847 332 156
2848 332 161
2849 332 163
2850 332 166
2851 331 168
2852 331 171
2853 332 173
2854 331 177
2855 332 180
2856 331 183
2857 331 187
2858 331 191
2859 332 194
2860 331 196
2861 331 199
2862 331 201
2863 332 204
2864 331 205
2865 332 207
2866 331 210
2867 331 211
2868 331 213
2869 331 217
2870 332 220
2871 331 221
2872 332 225
2873 331 228
2874 332 230
2875 331 232
2876 331 234
2877 331 237
2878 332 239
2879 333 241
2880 331 244
2881 332 247
2882 330 248
2883 331 250
2884 331 251
2885 332 253
2886 331 255
2887 334 131
2888 333 133
2889 334 135
2890 334 139
2891 333 142
2892 334 143
2893 334 147
2894 333 158
2895 334 161
2896 334 164
2897 334 165
2898 334 168
2899 333 170
2900 334 172
2901 333 175
2902 334 177
2903 334 183
2904 333 185
2905 334 188
2906 333 189
2907 334 191
2908 334 193
2909 334 196
2910 333 198
2911 334 203
2912 334 206
2913 334 209
2914 334 213
2915 333 215
2916 334 218
2917 334 220
2918 333 223
2919 334 226
2920 334 227
2921 334 229
2922 334 232
2923 333 234
2924 334 237
2925 334 239
2926 334 243
2927 334 246
2928 334 251
2929 334 254
2930 336 131
2931 336 134
2932 336 135
2933 335 137
2934 336 140
2935 336 142
2936 336 143
2937 335 145
2938 336 148
2939 334 149
2940 334 152
2941 334 157
2942 335 162
2943 335 166
2944 334 179
2945 334 181
2946 335 194
2947 334 200
2948 335 206
2949 334 211
2950 335 214
2951 334 216
2952 334 222
2953 334 224
2954 335 230
2955 334 235
2956 335 238
2957 335 240
2958 334 241
2959 335 244
2960 334 248
2961 335 252
2962 337 129
2963 338 133
2964 338 136
2965 338 139
2966 338 142
2967 337 144
2968 338 146
2969 338 147
2970 337 149
2971 339 131
2972 339 133
2973 340 135
2974 340 138
2975 340 140
2976 340 143
2977 339 145
2978 339 148
2979 340 149
2980 341 131
2981 342 133
2982 342 135
2983 342 138
2984 341 139
2985 342 141
2986 342 144
2987 342 146
2988 341 147
2989 344 132
2990 344 135
2991 343 137
2992 344 140
2993 344 143
2994 344 145
2995 345 150
2996 345 135
2997 345 138
2998 345 140
2999 346 142
3000 349 131
3001 350 141
3002 349 148
3003 362 135
3004 361 137
3005 361 139
3006 361 142
3007 361 248
3008 363 133
3009 364 139
3010 364 142
3011 363 144
3012 363 145
3013 363 147
3014 363 238
3015 362 243
3016 362 245
3017 364 248
3018 363 251
3019 366 131
3020 365 133
3021 365 135
3022 365 137
3023 366 141
3024 366 145
3025 366 148
3026 366 149
3027 366 237
3028 365 240
3029 366 242
3030 366 243
3031 365 245
3032 366 251
3033 365 253
3034 365 255
3035 367 133
3036 368 135
3037 368 139
3038 367 143
3039 368 147
3040 368 236
3041 368 240
3042 367 245
3043 367 248
3044 368 251
3045 368 254
3046 371 255
3047 369 129
3048 370 131
3049 370 133
3050 369 137
3051 370 143
3052 369 146
3053 369 149
3054 370 239
3055 369 242
3056 370 244
3057 370 245
3058 370 247
3059 371 249
3060 370 252
3061 371 135
3062 372 138
3063 371 140
3064 372 146
3065 372 149
3066 371 225
3067 371 236
3068 371 241
3069 372 252
3070 373 131
3071 373 133
3072 373 136
3073 373 138
3074 374 140
3075 373 142
3076 375 144
3077 373 148
3078 373 236
3079 373 239
3080 373 242
3081 373 244
3082 373 247
3083 374 249
3084 373 252
3085 375 129
3086 376 132
3087 375 135
3088 376 138
3089 376 141
3090 375 147
3091 376 150
3092 375 155
3093 375 160
3094 375 165
3095 376 194
3096 375 213
3097 376 222
3098 376 226
3099 376 237
3100 376 240
3101 376 242
3102 376 243
3103 375 245
3104 376 247
3105 376 251
3106 375 253
3107 374 255
3108 378 129
3109 378 132
3110 377 135
3111 378 137
3112 378 140
3113 378 143
3114 378 146
3115 378 150
3116 377 152
3117 377 153
3118 378 156
3119 377 158
3120 378 160
3121 377 162
3122 377 163
3123 378 166
3124 377 168
3125 377 170
3126 376 172
3127 377 175
3128 377 178
3129 377 179
3130 377 182
3131 377 187
3132 376 199
3133 377 201
3134 376 204
3135 377 205
3136 376 208
3137 377 211
3138 377 216
3139 378 223
3140 378 226
3141 377 229
3142 377 232
3143 377 233
3144 377 235
3145 377 245
3146 378 247
3147 377 249
3148 378 254
3149 381 129
3150 380 133
3151 380 135
3152 380 138
3153 380 142
3154 379 147
3155 380 150
3156 380 152
3157 380 155
3158 380 158
3159 380 160
3160 380 161
3161 380 164
3162 380 165
3163 380 168
3164 380 170
3165 380 172
3166 379 174
3167 380 177
3168 379 187
3169 378 191
3170 379 193
3171 379 195
3172 379 197
3173 379 200
3174 379 203
3175 380 206
3176 379 208
3177 379 209
3178 380 211
3179 379 213
3180 379 217
3181 377 219
3182 379 221
3183 380 227
3184 380 230
3185 380 232
3186 380 233
3187 380 235
3188 379 238
3189 380 241
3190 379 243
3191 380 246
3192 380 248
3193 380 250
3194 379 252
3195 381 131
3196 381 133
3197 382 135
3198 381 137
3199 381 140
3200 382 142
3201 381 145
3202 382 147
3203 381 150
3204 381 152
3205 381 155
3206 381 158
3207 381 160
3208 381 161
3209 382 164
3210 382 167
3211 382 173
3212 381 180
3213 381 183
3214 381 187
3215 382 189
3216 382 192
3217 381 197
3218 381 200
3219 381 201
3220 381 204
3221 381 206
3222 381 207
3223 382 209
3224 382 215
3225 381 218
3226 381 221
3227 381 224
3228 381 225
3229 381 228
3230 382 230
3231 382 231
3232 381 233
3233 381 235
3234 381 238
3235 382 244
3236 382 247
3237 381 250
3238 381 253
3239 381 254
3240 384 131
3241 384 133
3242 383 135
3243 383 138
3244 384 140
3245 384 143
3246 383 146
3247 383 149
3248 383 152
3249 383 155
3250 383 158
3251 384 160
3252 383 162
3253 383 164
3254 384 169
3255 383 171
3256 383 177
3257 383 182
3258 383 185
3259 384 187
3260 384 193
3261 384 195
3262 384 197
3263 383 200
3264 383 202
3265 383 204
3266 383 206
3267 384 208
3268 383 211
3269 383 213
3270 384 217
3271 383 219
3272 383 222
3273 383 224
3274 384 226
3275 383 228
3276 384 233
3277 383 235
3278 383 238
3279 383 242
3280 383 246
3281 384 248
3282 383 250
3283 383 253
3284 383 254
3285 383 255
3286 385 130
3287 386 135
3288 386 138
3289 386 145
3290 385 147
3291 386 150
3292 386 152
3293 386 155
3294 386 158
3295 386 161
3296 386 164
3297 385 166
3298 386 171
3299 385 173
3300 385 175
3301 386 178
3302 385 180
3303 386 183
3304 386 186
3305 385 189
3306 386 199
3307 386 202
3308 386 204
3309 386 206
3310 386 211
3311 385 215
3312 386 221
3313 386 224
3314 386 227
3315 385 230
3316 386 233
3317 386 235
3318 386 237
3319 385 240
3320 385 241
3321 386 244
3322 386 246
3323 386 249
3324 386 251
3325 386 253
3326 386 255
3327 388 130
3328 387 133
3329 388 135
3330 387 138
3331 387 141
3332 387 145
3333 388 148
3334 388 150
3335 387 155
3336 388 157
3337 388 160
3338 387 169
3339 388 172
3340 388 173
3341 388 176
3342 388 178
3343 388 180
3344 388 181
3345 388 183
3346 387 188
3347 387 191
3348 387 193
3349 387 195
3350 388 197
3351 388 200
3352 388 202
3353 388 204
3354 388 206
3355 387 208
3356 387 209
3357 388 211
3358 387 213
3359 388 216
3360 387 218
3361 388 221
3362 388 224
3363 387 226
3364 388 228
3365 387 230
3366 388 233
3367 387 237
3368 388 240
3369 388 242
3370 388 243
3371 388 248
3372 388 254
3373 390 131
3374 390 133
3375 389 135
3376 390 138
3377 389 141
3378 389 143
3379 390 146
3380 391 148
3381 389 150
3382 389 153
3383 390 156
3384 389 159
3385 389 161
3386 389 164
3387 389 165
3388 390 167
3389 390 169
3390 390 175
3391 390 178
3392 389 185
3393 389 189
3394 390 192
3395 390 193
3396 390 196
3397 390 201
3398 390 203
3399 390 206
3400 390 207
3401 390 209
3402 390 211
3403 390 214
3404 390 216
3405 390 218
3406 389 220
3407 390 223
3408 390 226
3409 390 227
3410 390 230
3411 389 231
3412 389 234
3413 389 237
3414 390 240
3415 391 243
3416 389 245
3417 389 251
3418 390 253
3419 390 255
3420 392 133
3421 392 135
3422 391 139
3423 392 141
3424 392 144
3425 391 145
3426 392 148
3427 392 150
3428 391 151
3429 391 154
3430 392 155
3431 391 158
3432 391 160
3433 391 162
3434 392 165
3435 391 171
3436 392 173
3437 392 177
3438 391 180
3439 391 183
3440 391 189
3441 391 192
3442 391 194
3443 391 199
3444 392 202
3445 392 205
3446 391 207
3447 391 211
3448 392 213
3449 392 215
3450 392 217
3451 391 219
3452 391 221
3453 392 225
3454 391 228
3455 391 232
3456 392 234
3457 391 237
3458 391 240
3459 391 247
3460 391 249
3461 392 252
3462 391 254
3463 392 255
3464 394 130
3465 394 133
3466 393 137
3467 394 140
3468 394 143
3469 394 146
3470 395 148
3471 394 149
3472 393 151
3473 393 154
3474 393 157
3475 393 159
3476 393 161
3477 393 163
3478 393 168
3479 393 171
3480 393 175
3481 393 177
3482 393 179
3483 393 181
3484 393 184
3485 392 186
3486 393 187
3487 393 189
3488 393 192
3489 393 193
3490 393 196
3491 394 199
3492 394 201
3493 394 204
3494 394 207
3495 393 209
3496 393 211
3497 394 214
3498 393 217
3499 393 220
3500 393 222
3501 393 223
3502 394 226
3503 393 227
3504 393 230
3505 393 231
3506 394 235
3507 394 238
3508 394 240
3509 393 242
3510 394 244
3511 393 245
3512 394 247
3513 394 250
3514 394 252
3515 394 254
3516 395 135
3517 396 138
3518 396 139
3519 395 141
3520 396 143
3521 396 145
3522 397 147
3523 397 153
3524 394 156
3525 398 161
3526 394 165
3527 398 170
3528 398 183
3529 396 192
3530 396 195
3531 395 197
3532 396 200
3533 396 203
3534 396 206
3535 396 209
3536 396 211
3537 398 214
3538 398 226
3539 397 232
3540 396 235
3541 396 237
3542 396 239
3543 396 242
3544 396 244
3545 396 247
3546 396 250
3547 396 253
3548 396 254
3549 395 255
3550 397 131
3551 397 133
3552 398 135
3553 398 138
3554 397 141
3555 397 145
3556 398 147
3557 398 149
3558 398 193
3559 397 197
3560 397 200
3561 397 203
3562 397 206
3563 397 209
3564 398 212
3565 398 239
3566 398 242
3567 398 243
3568 398 246
3569 398 249
3570 398 252
3571 399 254
3572 398 255
3573 399 129
3574 400 133
3575 400 137
3576 399 140
3577 399 142
3578 399 143
3579 400 145
3580 400 148
3581 400 193
3582 400 195
3583 400 197
3584 399 200
3585 399 203
3586 399 206
3587 399 207
3588 400 209
3589 399 235
3590 399 237
3591 400 241
3592 400 245
3593 399 248
3594 400 251
3595 401 254
3596 402 129
3597 401 132
3598 402 135
3599 402 138
3600 402 140
3601 402 142
3602 402 144
3603 402 147
3604 402 199
3605 402 201
3606 402 204
3607 402 206
3608 403 209
3609 401 211
3610 398 219
3611 402 235
3612 401 238
3613 401 241
3614 401 247
3615 402 253
3616 403 131
3617 404 137
3618 404 140
3619 404 142
3620 404 145
3621 403 145
3622 404 147
3623 403 149
3624 403 193
3625 404 195
3626 404 198
3627 404 203
3628 404 206
3629 403 208
3630 404 211
3631 405 235
3632 403 238
3633 403 239
3634 403 242
3635 403 245
3636 404 248
3637 403 251
3638 404 254
3639 405 129
3640 406 132
3641 405 134
3642 406 136
3643 406 138
3644 406 141
3645 406 144
3646 406 146
3647 405 149
3648 406 193
3649 406 205
3650 406 208
3651 406 210
3652 406 237
3653 406 239
3654 406 241
3655 405 243
3656 406 246
3657 406 250
3658 406 252
3659 407 254
3660 408 129
3661 407 132
3662 408 133
3663 407 136
3664 408 139
3665 408 143
3666 407 146
3667 408 149
3668 409 193
3669 407 197
3670 407 199
3671 407 202
3672 407 212
3673 407 239
3674 407 243
3675 407 246
3676 407 248
3677 408 251
3678 410 130
3679 410 135
3680 409 137
3681 409 141
3682 409 145
3683 410 147
3684 410 197
3685 409 201
3686 409 204
3687 409 206
3688 409 208
3689 409 211
3690 409 235
3691 409 237
3692 410 239
3693 409 241
3694 409 244
3695 409 246
3696 410 248
3697 410 252
3698 409 255
3699 411 133
3700 412 135
3701 412 138
3702 411 139
3703 412 141
3704 411 143
3705 412 146
3706 411 149
3707 411 195
3708 412 198
3709 412 201
3710 412 204
3711 412 206
3712 412 207
3713 411 209
3714 412 212
3715 412 235
3716 412 238
3717 412 241
3718 412 244
3719 412 246
3720 412 249
3721 412 254
3722 413 130
3723 414 133
3724 414 135
3725 414 137
3726 414 140
3727 414 143
3728 414 146
3729 413 149
3730 413 193
3731 414 201
3732 414 204
3733 414 209
3734 414 237
3735 414 239
3736 414 242
3737 414 243
3738 414 246
3739 416 135
3740 416 139
3741 416 141
3742 417 144
3743 415 148
3744 415 191
3745 416 194
3746 415 196
3747 415 199
3748 416 202
3749 416 204
3750 415 207
3751 415 211
3752 415 239
3753 416 242
3754 416 245
3755 415 249
3756 415 253
3757 415 255
3758 417 129
3759 417 131
3760 417 133
3761 418 135
3762 417 137
3763 417 147
3764 417 149
3765 418 193
3766 418 196
3767 418 199
3768 418 202
3769 418 205
3770 418 209
3771 417 212
3772 417 236
3773 417 240
3774 417 245
3775 417 247
3776 417 250
3777 418 254
3778 420 130
3779 419 133
3780 419 135
3781 420 137
3782 419 140
3783 419 143
3784 419 146
3785 420 149
3786 419 191
3787 420 193
3788 420 198
3789 420 202
3790 420 205
3791 420 209
3792 420 211
3793 426 214
3794 420 237
3795 420 239
3796 419 241
3797 419 243
3798 420 246
3799 420 249
3800 419 252
3801 422 133
3802 421 136
3803 422 139
3804 421 143
3805 421 145
3806 421 148
3807 423 149
3808 422 191
3809 421 195
3810 422 199
3811 421 207
3812 422 210
3813 423 239
3814 422 243
3815 422 246
3816 421 248
3817 422 250
3818 422 252
3819 421 254
3820 423 131
3821 424 135
3822 423 137
3823 423 141
3824 424 144
3825 423 146
3826 424 147
3827 424 150
3828 424 191
3829 423 193
3830 423 203
3831 423 205
3832 423 208
3833 425 209
3834 423 211
3835 424 245
3836 424 249
3837 425 131
3838 425 133
3839 425 139
3840 426 141
3841 426 143
3842 426 146
3843 426 149
3844 425 152
3845 425 191
3846 425 194
3847 425 195
3848 425 197
3849 425 199
3850 425 201
3851 426 205
3852 426 207
3853 425 242
3854 425 247
3855 429 251
3856 427 131
3857 428 134
3858 427 136
3859 428 139
3860 428 143
3861 427 149
3862 428 152
3863 427 189
3864 428 192
3865 428 194
3866 428 196
3867 428 201
3868 427 203
3869 427 207
3870 427 210
3871 430 131
3872 430 134
3873 430 139
3874 429 141
3875 429 145
3876 430 147
3877 429 150
3878 431 153
3879 430 189
3880 430 192
3881 430 193
3882 430 196
3883 429 198
3884 430 200
3885 430 203
3886 429 205
3887 430 207
3888 430 209
3889 433 133
3890 432 137
3891 431 143
3892 432 145
3893 431 149
3894 432 152
3895 431 186
3896 432 191
3897 432 195
3898 432 198
3899 432 200
3900 432 205
3901 433 207
3902 433 140
3903 433 144
3904 434 145
3905 433 147
3906 433 150
3907 433 155
3908 433 158
3909 433 184
3910 433 188
3911 433 189
3912 433 193
3913 434 195
3914 433 198
3915 433 203
3916 435 135
3917 435 140
3918 435 144
3919 435 147
3920 436 149
3921 435 151
3922 435 153
3923 436 155
3924 435 158
3925 435 181
3926 435 185
3927 435 188
3928 436 190
3929 435 192
3930 436 194
3931 436 197
3932 435 199
3933 435 201
3934 435 205
3935 435 212
3936 438 136
3937 438 141
3938 438 143
3939 437 145
3940 438 147
3941 438 153
3942 437 157
3943 437 160
3944 437 177
3945 437 183
3946 438 185
3947 438 188
3948 438 191
3949 438 194
3950 437 196
3951 437 199
3952 438 201
3953 437 203
3954 439 139
3955 440 145
3956 439 149
3957 440 153
3958 439 157
3959 439 161
3960 439 164
3961 439 167
3962 439 170
3963 439 173
3964 439 174
3965 439 175
3966 439 177
3967 439 180
3968 440 181
3969 440 183
3970 440 185
3971 440 188
3972 439 190
3973 439 191
3974 440 193
3975 441 195
3976 439 197
3977 439 200
3978 440 201
3979 439 203
3980 441 137
3981 441 139
3982 441 142
3983 441 145
3984 441 147
3985 442 150
3986 441 152
3987 441 154
3988 441 157
3989 441 159
3990 442 161
3991 442 165
3992 442 169
3993 442 172
3994 442 174
3995 441 177
3996 442 185
3997 442 188
3998 442 190
3999 442 192
4000 443 193
4001 442 197
4002 442 199
4003 441 201
4004 445 205
4005 444 140
4006 444 143
4007 443 146
4008 443 148
4009 444 150
4010 443 153
4011 443 155
4012 444 157
4013 443 160
4014 445 161
4015 444 163
4016 444 173
4017 443 176
4018 443 178
4019 443 180
4020 443 181
4021 443 184
4022 444 187
4023 443 190
4024 444 191
4025 444 195
4026 444 198
4027 446 145
4028 446 148
4029 445 150
4030 446 153
4031 446 156
4032 446 159
4033 445 165
4034 445 167
4035 445 170
4036 446 175
4037 446 178
4038 446 180
4039 445 183
4040 446 187
4041 446 190
4042 446 193
4043 445 197
4044 444 199
4045 447 143
4046 448 146
4047 447 147
4048 448 150
4049 449 152
4050 449 155
4051 448 157
4052 448 161
4053 447 163
4054 448 167
4055 447 171
4056 447 173
4057 447 175
4058 448 177
4059 447 180
4060 448 183
4061 447 185
4062 448 187
4063 448 193
4064 447 196
4065 449 146
4066 450 148
4067 451 151
4068 450 159
4069 449 163
4070 449 165
4071 450 169
4072 450 172
4073 450 173
4074 450 176
4075 450 179
4076 449 181
4077 449 185
4078 450 187
4079 449 190
4080 449 191
4081 449 193
4082 452 198
4083 452 151
4084 451 157
4085 452 162
4086 451 165
4087 451 167
4088 452 179
4089 451 183
4090 452 186
4091 452 189
4092 454 195
4093 453 141
4094 452 154
4095 454 158
4096 453 160
4097 454 165
4098 454 168
4099 454 170
4100 453 171
4101 453 173
4102 453 176
4103 453 179
4104 453 181
4105 454 183
4106 453 186
4107 454 156
4108 455 160
4109 455 162
4110 455 163
4111 456 166
4112 455 173
4113 455 177
4114 455 179
4115 455 181
4116 462 166
4117 456 170
4118 457 175
4119 461 179
4120 481 141
4121 481 147
4122 481 149
4123 481 152
4124 481 153
4125 481 156
4126 481 158
4127 481 161
4128 481 164
4129 483 141
4130 482 144
4131 484 145
4132 483 148
4133 483 151
4134 484 153
4135 484 156
4136 484 159
4137 483 162
4138 483 163
4139 483 166
4140 485 138
4141 485 141
4142 485 143
4143 486 146
4144 485 148
4145 486 151
4146 486 155
4147 486 161
4148 485 164
4149 485 166
4150 485 169
4151 487 141
4152 488 144
4153 487 146
4154 487 148
4155 487 149
4156 488 152
4157 487 153
4158 488 156
4159 487 159
4160 488 162
4161 488 163
4162 488 165
4163 487 167
4164 489 135
4165 489 138
4166 489 141
4167 490 144
4168 490 146
4169 490 147
4170 490 149
4171 490 151
4172 490 154
4173 490 157
4174 490 160
4175 490 167
4176 489 169
4177 491 135
4178 491 138
4179 491 139
4180 491 142
4181 492 144
4182 491 146
4183 492 153
4184 492 156
4185 492 159
4186 491 162
4187 491 164
4188 492 167
4189 491 169
4190 493 133
4191 493 135
4192 494 137
4193 494 140
4194 494 142
4195 494 145
4196 493 147
4197 493 150
4198 493 153
4199 494 156
4200 493 158
4201 494 161
4202 493 164
4203 494 166
4204 494 169
4205 495 133
4206 496 136
4207 495 138
4208 496 141
4209 496 144
4210 496 147
4211 495 149
4212 495 151
4213 495 153
4214 495 156
4215 495 157
4216 495 159
4217 495 163
4218 495 166
4219 498 131
4220 498 133
4221 497 136
4222 498 139
4223 498 143
4224 498 145
4225 498 149
4226 498 151
4227 498 153
4228 497 155
4229 498 157
4230 497 159
4231 497 161
4232 497 164
4233 500 166
4234 499 133
4235 499 135
4236 499 137
4237 500 140
4238 499 142
4239 499 147
4240 499 151
4241 501 155
4242 501 160
4243 501 131
4244 502 134
4245 502 136
4246 502 139
4247 502 142
4248 501 144
4249 502 146
4250 502 147
4251 501 149
4252 501 151
4253 503 129
4254 504 131
4255 504 134
4256 504 138
4257 503 142
4258 504 144
4259 503 149
4260 507 122
4261 506 129
4262 506 132
4263 506 136
4264 506 139
4265 506 142
4266 505 143
4267 505 146
4268 505 147
4269 506 148
4270 505 244
4271 505 249
4272 505 252
4273 508 131
4274 507 134
4275 508 141
4276 507 144
4277 508 146
4278 508 147
4279 507 241
4280 508 244
4281 507 247
4282 508 249
4283 507 253
4284 509 128
4285 510 132
4286 509 135
4287 509 137
4288 509 139
4289 510 143
4290 510 145
4291 509 193
4292 509 196
4293 509 197
4294 509 199
4295 509 202
4296 509 208
4297 509 211
4298 509 214
4299 510 241
4300 510 247
4301 511 249
4302 510 252
4303 510 254
4304 509 256
4305 509 257
4306 511 127
4307 512 130
4308 511 135
4309 511 138
4310 513 139
4311 511 141
4312 513 143
4313 512 145
4314 511 147
4315 512 193
4316 512 195
4317 512 199
4318 511 202
4319 511 205
4320 509 206
4321 512 209
4322 512 211
4323 511 214
4324 511 216
4325 512 218
4326 507 220
4327 511 239
4328 512 242
4329 511 245
4330 513 249
4331 513 253
4332 511 259
4333 514 127
4334 514 130
4335 513 133
4336 513 135
4337 514 137
4338 514 141
4339 513 146
4340 513 191
4341 513 197
4342 514 200
4343 513 202
4344 514 204
4345 513 206
4346 513 213
4347 513 215
4348 514 219
4349 514 239
4350 514 243
4351 513 246
4352 515 247
4353 513 251
4354 513 256
4355 516 129
4356 516 133
4357 516 135
4358 516 139
4359 516 143
4360 515 145
4361 516 147
4362 515 193
4363 515 196
4364 516 199
4365 516 202
4366 516 205
4367 515 210
4368 516 214
4369 516 217
4370 516 218
4371 515 239
4372 515 241
4373 516 245
4374 516 249
4375 516 252
4376 516 257
4377 517 126
4378 519 129
4379 518 135
4380 517 137
4381 518 139
4382 517 141
4383 518 143
4384 517 145
4385 517 189
4386 517 191
4387 518 194
4388 518 196
4389 518 201
4390 517 203
4391 518 205
4392 517 208
4393 518 211
4394 518 213
4395 518 216
4396 517 220
4397 518 239
4398 518 242
4399 517 244
4400 517 247
4401 518 251
4402 517 255
4403 519 132
4404 520 135
4405 520 138
4406 520 141
4407 520 144
4408 519 146
4409 519 147
4410 520 191
4411 520 193
4412 519 197
4413 519 199
4414 520 201
4415 520 204
4416 520 207
4417 519 209
4418 520 212
4419 520 215
4420 519 218
4421 520 239
4422 520 241
4423 520 243
4424 520 246
4425 519 248
4426 521 249
4427 520 252
4428 519 254
4429 519 256
4430 519 258
4431 521 126
4432 520 127
4433 522 129
4434 522 131
4435 521 133
4436 522 142
4437 522 145
4438 522 147
4439 521 187
4440 521 195
4441 522 198
4442 522 200
4443 522 203
4444 522 206
4445 522 209
4446 522 211
4447 522 217
4448 521 220
4449 521 239
4450 522 242
4451 522 245
4452 522 251
4453 522 254
4454 522 255
4455 522 257
4456 523 261
4457 523 127
4458 523 135
4459 523 139
4460 524 141
4461 524 143
4462 523 145
4463 523 191
4464 523 193
4465 524 195
4466 524 198
4467 524 200
4468 523 202
4469 524 204
4470 524 206
4471 523 214
4472 525 217
4473 524 239
4474 523 242
4475 525 243
4476 523 245
4477 523 247
4478 524 250
4479 524 253
4480 524 255
4481 526 127
4482 525 129
4483 525 131
4484 526 133
4485 526 135
4486 525 137
4487 526 141
4488 526 145
4489 525 147
4490 525 185
4491 525 187
4492 525 189
4493 525 193
4494 526 197
4495 526 200
4496 526 201
4497 526 203
4498 525 208
4499 525 211
4500 525 214
4501 527 241
4502 526 245
4503 526 248
4504 525 257
4505 528 129
4506 528 132
4507 528 137
4508 527 139
4509 528 142
4510 527 145
4511 528 148
4512 524 178
4513 528 189
4514 527 191
4515 528 194
4516 527 196
4517 528 198
4518 528 201
4519 527 205
4520 527 207
4521 527 211
4522 528 246
4523 527 250
4524 527 252
4525 530 128
4526 530 131
4527 529 134
4528 529 135
4529 530 139
4530 530 143
4531 530 145
4532 530 148
4533 528 182
4534 529 185
4535 530 187
4536 530 190
4537 530 191
4538 530 194
4539 530 197
4540 530 203
4541 529 205
4542 529 207
4543 529 244
4544 529 248
4545 529 249
4546 530 251
4547 528 254
4548 526 255
4549 532 131
4550 532 133
4551 532 135
4552 532 137
4553 532 140
4554 531 142
4555 531 145
4556 532 148
4557 531 150
4558 531 181
4559 531 183
4560 532 186
4561 532 189
4562 532 193
4563 532 197
4564 531 200
4565 531 201
4566 531 205
4567 534 244
4568 533 129
4569 533 131
4570 534 139
4571 534 142
4572 533 143
4573 534 145
4574 533 147
4575 533 149
4576 533 152
4577 534 179
4578 534 182
4579 534 184
4580 534 186
4581 533 189
4582 534 193
4583 533 195
4584 535 197
4585 534 199
4586 534 202
4587 533 203
4588 533 205
4589 535 129
4590 535 132
4591 535 133
4592 535 136
4593 535 137
4594 536 140
4595 536 142
4596 535 144
4597 536 147
4598 536 149
4599 536 151
4600 536 154
4601 536 181
4602 536 184
4603 536 187
4604 536 190
4605 535 192
4606 535 195
4607 536 199
4608 536 202
4609 535 203
4610 536 206
4611 537 131
4612 537 134
4613 537 136
4614 538 138
4615 538 142
4616 538 143
4617 537 145
4618 538 151
4619 537 174
4620 537 177
4621 537 179
4622 538 182
4623 538 183
4624 538 185
4625 538 191
4626 537 195
4627 538 198
4628 538 201
4629 540 131
4630 540 133
4631 539 135
4632 540 137
4633 539 140
4634 540 141
4635 539 145
4636 540 148
4637 539 153
4638 539 155
4639 539 158
4640 540 163
4641 540 166
4642 540 169
4643 540 171
4644 539 175
4645 539 179
4646 539 182
4647 540 183
4648 539 185
4649 539 188
4650 539 189
4651 539 193
4652 540 196
4653 540 200
4654 541 205
4655 543 135
4656 542 138
4657 543 140
4658 541 143
4659 542 146
4660 541 151
4661 541 158
4662 541 161
4663 541 173
4664 542 177
4665 542 180
4666 542 182
4667 542 185
4668 542 188
4669 542 190
4670 541 192
4671 542 195
4672 541 198
4673 549 132
4674 544 143
4675 544 146
4676 543 148
4677 543 150
4678 543 153
4679 544 155
4680 544 158
4681 543 163
4682 543 166
4683 543 167
4684 543 169
4685 543 171
4686 543 174
4687 544 179
4688 543 182
4689 545 183
4690 543 185
4691 544 188
4692 544 189
4693 543 192
4694 545 137
4695 546 142
4696 546 149
4697 545 153
4698 545 159
4699 545 161
4700 546 164
4701 546 165
4702 546 167
4703 546 171
4704 546 174
4705 545 177
4706 546 180
4707 546 181
4708 546 185
4709 546 188
4710 546 191
4711 545 193
4712 545 196
4713 547 140
4714 547 146
4715 548 153
4716 547 156
4717 548 159
4718 548 163
4719 547 169
4720 548 175
4721 547 183
4722 548 187
4723 548 193
4724 549 141
4725 549 143
4726 550 146
4727 549 149
4728 549 151
4729 549 161
4730 550 163
4731 549 165
4732 549 167
4733 550 170
4734 549 172
4735 549 173
4736 550 176
4737 548 178
4738 549 180
4739 550 184
4740 549 189
4741 552 145
4742 552 149
4743 552 152
4744 551 154
4745 551 157
4746 551 159
4747 552 162
4748 552 165
4749 552 169
4750 552 172
4751 552 175
4752 551 178
4753 551 181
4754 551 184
4755 551 187
4756 552 189
4757 553 147
4758 554 151
4759 554 155
4760 554 157
4761 554 160
4762 554 161
4763 553 163
4764 554 165
4765 553 167
4766 553 170
4767 553 173
4768 553 175
4769 554 177
4770 553 179
4771 553 182
4772 553 185
4773 556 152
4774 556 157
4775 556 160
4776 556 162
4777 555 164
4778 556 167
4779 555 169
4780 555 172
4781 555 174
4782 555 175
4783 556 177
4784 555 179
4785 555 181
4786 557 188
4787 557 159
4788 557 162
4789 557 164
4790 557 165
4791 557 168
4792 557 170
4793 557 171
4794 557 173
4795 557 175
4796 558 181