Subset sum for large sums

https://stackoverflow.com/questions/18432759/subset-sum-for-large-sums

subset   : 262988806539946324131984661067039976436265064677212251086885351040000 262988806539946324131984661067039976436265064677212251086885351040000 [116883914017753921836437627140906656193895584300983222705282378240000, 65747201634986581032996165266759994109066266169303062771721337760000, 29220978504438480459109406785226664048473896075245805676320594560000, 16436800408746645258249041316689998527266566542325765692930334440000, 12987101557528213537381958571211850688210620477887024745031375360000, 10519552261597852965279386442681599057450602587088490043475414041600, 5367118500815231104734380838102856661964593156677801042589496960000, 3246775389382053384345489642802962672052655119471756186257843840000, 1826311156527405028694337924076666503029618504702862854770037160000, 335444906300951944045898802381428541372787072292362565161843560000, 214684740032609244189375233524114266478583726267112041703579878400, 202923461836378336521593102675185167003290944966984761641115240000]
subset   : 262988806539946324131984661067039976436265064677212251086885351040000 262988806539946324131984661067039976436265064677212251086885351040000 [116883914017753921836437627140906656193895584300983222705282378240000, 65747201634986581032996165266759994109066266169303062771721337760000, 42078209046391411861117545770726396229802410348353960173901656166400, 21468474003260924418937523352411426647858372626711204170357987840000, 7305244626109620114777351696306666012118474018811451419080148640000, 4675356560710156873457505085636266247755823372039328908211295129600, 2629888065399463241319846610670399764362650646772122510868853510400, 1341779625203807776183595209525714165491148289169450260647374240000, 858738960130436976757500934096457065914334905068448166814319513600]
subset   : 262988806539946324131984661067039976436265064677212251086885351040000 262988806539946324131984661067039976436265064677212251086885351040000 [116883914017753921836437627140906656193895584300983222705282378240000, 65747201634986581032996165266759994109066266169303062771721337760000, 42078209046391411861117545770726396229802410348353960173901656166400, 16436800408746645258249041316689998527266566542325765692930334440000, 10519552261597852965279386442681599057450602587088490043475414041600, 7305244626109620114777351696306666012118474018811451419080148640000, 1826311156527405028694337924076666503029618504702862854770037160000, 811693847345513346086372410700740668013163779867939046564460960000, 657472016349865810329961652667599941090662661693030627717213377600, 519484062301128541495278342848474027528424819115480989801255014400, 202923461836378336521593102675185167003290944966984761641115240000]
subset   : 262988806539946324131984661067039976436265064677212251086885351040000 262988806539946324131984661067039976436265064677212251086885351040000 [116883914017753921836437627140906656193895584300983222705282378240000, 65747201634986581032996165266759994109066266169303062771721337760000, 29220978504438480459109406785226664048473896075245805676320594560000, 16436800408746645258249041316689998527266566542325765692930334440000, 12987101557528213537381958571211850688210620477887024745031375360000, 7305244626109620114777351696306666012118474018811451419080148640000, 4675356560710156873457505085636266247755823372039328908211295129600, 3246775389382053384345489642802962672052655119471756186257843840000, 2629888065399463241319846610670399764362650646772122510868853510400, 1826311156527405028694337924076666503029618504702862854770037160000, 1168839140177539218364376271409066561938955843009832227052823782400, 657472016349865810329961652667599941090662661693030627717213377600, 202923461836378336521593102675185167003290944966984761641115240000]
subset   : 262988806539946324131984661067039976436265064677212251086885351040000 262988806539946324131984661067039976436265064677212251086885351040000 [116883914017753921836437627140906656193895584300983222705282378240000, 65747201634986581032996165266759994109066266169303062771721337760000, 29220978504438480459109406785226664048473896075245805676320594560000, 21468474003260924418937523352411426647858372626711204170357987840000, 10519552261597852965279386442681599057450602587088490043475414041600, 7305244626109620114777351696306666012118474018811451419080148640000, 5367118500815231104734380838102856661964593156677801042589496960000, 2629888065399463241319846610670399764362650646772122510868853510400, 2385386000362324935437502594712380738650930291856800463373109760000, 1168839140177539218364376271409066561938955843009832227052823782400, 292209785044384804591094067852266640484738960752458056763205945600]
subset   : 262988806539946324131984661067039976436265064677212251086885351040000 262988806539946324131984661067039976436265064677212251086885351040000 [116883914017753921836437627140906656193895584300983222705282378240000, 42078209046391411861117545770726396229802410348353960173901656166400, 29220978504438480459109406785226664048473896075245805676320594560000, 21468474003260924418937523352411426647858372626711204170357987840000, 16436800408746645258249041316689998527266566542325765692930334440000, 12987101557528213537381958571211850688210620477887024745031375360000, 10519552261597852965279386442681599057450602587088490043475414041600, 5367118500815231104734380838102856661964593156677801042589496960000, 3246775389382053384345489642802962672052655119471756186257843840000, 1826311156527405028694337924076666503029618504702862854770037160000, 1341779625203807776183595209525714165491148289169450260647374240000, 858738960130436976757500934096457065914334905068448166814319513600, 335444906300951944045898802381428541372787072292362565161843560000, 214684740032609244189375233524114266478583726267112041703579878400, 202923461836378336521593102675185167003290944966984761641115240000]
subset   : 262988806539946324131984661067039976436265064677212251086885351040000 262988806539946324131984661067039976436265064677212251086885351040000 [116883914017753921836437627140906656193895584300983222705282378240000, 65747201634986581032996165266759994109066266169303062771721337760000, 42078209046391411861117545770726396229802410348353960173901656166400, 16436800408746645258249041316689998527266566542325765692930334440000, 12987101557528213537381958571211850688210620477887024745031375360000, 3246775389382053384345489642802962672052655119471756186257843840000, 2629888065399463241319846610670399764362650646772122510868853510400, 1826311156527405028694337924076666503029618504702862854770037160000, 657472016349865810329961652667599941090662661693030627717213377600, 292209785044384804591094067852266640484738960752458056763205945600, 202923461836378336521593102675185167003290944966984761641115240000]

https://maxtuno.github.io/slime-sat-solver
