700
699
606
533
607
534
470
535
608
471
472
443
356
357
94
95
97
358
96
93
6
92
91
355
605
469
532
354
90
88
87
86
4
353
468
531
690
698
604
352
603
84
82
81
3
80
78
79
337
76
77
75
2
74
72
73
602
757
756
828
755
879
880
881
827
754
530
601
467
69
70
336
68
67
1
66
351
65
64
63
350
349
61
60
0
58
59
466
465
528
599
529
600
876
877
878
875
874
1177
873
872
870
871
1195
1194
1298
1357
1432
1528
1535
1582
1687
1583
1584
1688
1585
1728
1729
2500
2499
2498
2497
2496
2816
2495
2494
2834
2250
2249
1726
1727
1725
1724
1994
1985
2079
2101
2248
2174
2173
2100
2247
2395
2394
2393
2392
2337
2336
2246
2078
1984
1983
1982
2077
1979
2076
1981
2074
2073
1970
2335
2245
2389
2390
2332
2244
1962
1952
1959
2072
2071
2066
2167
2239
2325
2163
2234
2320
2384
2316
2231
2228
2309
2307
2156
2227
2158
2059
2061
1941
1929
1918
1910
1900
2052
2051
1884
1889
1892
1561
1566
1495
1404
1335
1292
1490
1334
1402
1403
1492
1249
1395
1329
1482
1245
1038
1046
1062
1071
1250
1077
1082
1083
1084
1256
1411
1502
1340
1264
1111
1120
1127
1131
1135
1512
1421
1295
1349
1276
1152
1161
1166
1278
1352
1426
1577
1519
1521
1353
1296
1427
1524
1581
1525
1579
1428
1429
1354
1281
1171
1172
1173
1174
1282
1430
1527
1355
1283
1175
1297
1356
1431
1193
869
868
1176
697
696
753
598
527
597
689
596
526
464
442
348
57
347
56
335
334
333
332
331
55
441
525
595
688
683
592
748
524
435
523
462
324
325
322
312
306
432
522
591
747
678
521
461
518
420
299
292
287
41
275
264
258
250
248
246
241
403
412
459
514
583
509
574
670
737
732
661
503
455
502
454
501
571
656
726
856
720
718
853
852
851
1017
1009
999
1003
849
848
846
714
713
693
645
562
391
389
228
30
200
192
383
382
156
163
18
149
381
490
555
556
632
634
629
554
489
374
362
106
99
89
5
83
85
71
416
644
681
62
473
536
609
478
691
544
619
709
761
831
835
834
899
1202
1208
938
943
836
837
958
951
968
979
985
989
995
1226
1381
1463
1550
1618
1621
1624
1627
1630
1631
1634
1641
1816
1821
1829
1841
1854
1868
1872
2049
1877
1878
2044
2035
2144
2095
2152
2303
2155
2226
2377
2216
2295
2282
2361
2204
2136
2133
2278
2202
2131
2086
2026
1806
1811
1800
1797
2025
2130
2201
2277
2022
2193
2269
2121
2117
2349
2259
2185
2111
2081
2010
1997
1746
1748
1760
1773
1791
1777
1603
1608
1598
1597
1697
1696
1695
1693
1542
1540
1363
1302
1443
1529
1360
1439
1536
1537
1433
1197
1196
1192
1277
1526
1531
1578
1534
2050
1980
1733
2252
2103
2175
2378
2294
2465
2469
2809
2835
3237
2890
3154
3105
3106
2836
2837
2527
2536
2543
2554
2860
2569
2587
2564
2865
2848
2924
2952
3028
3112
2958
2929
2964
3125
3042
2976
3051
2969
3136
3219
3209
3430
3438
3721
3419
3417
3413
3339
3588
3390
3712
3715
3800
3804
3786
3809
3867
3933
3807
3863
4018
3926
3858
3922
3920
4165
4125
4480
4549
4563
4640
4566
4492
4499
4569
4610
4576
4659
4721
4603
4717
4707
4771
5113
5221
5302
5220
5622
5477
5410
5228
5237
4959
4964
5202
4990
4985
5005
5013
5020
5039
4734
4832
4733
4730
4672
4669
4280
4287
4512
4515
4516
4326
4328
4471
4339
4345
4365
4378
4359
4356
4021
3942
3875
3788
3817
3818
3876
3945
3819
3820
3949
3877
3955
3823
3881
3740
3734
3733
3727
3456
3464
3471
3480
3484
3496
3504
3509
3514
3223
3140
3053
2979
2978
3052
3138
2933
2977
2866
2594
2604
2614
2620
2631
2638
2648
2868
2937
2987
3148
3063
2991
2996
2881
2655
2662
2678
2684
2694
2888
2941
3000
3075
3163
3236
3159
3071
3230
3531
3748
3543
3558
3566
3572
3754
3793
3834
3967
3894
4030
3836
3895
3837
3970
3755
3583
3593
3973
3979
3898
3759
3763
3605
3624
3629
3633
3640
3672
3660
3781
3653
3245
3252
3183
3091
3189
3238
3002
3001
2942
3077
3165
3081
3172
3003
3007
2894
2891
2701
2707
2715
2720
2722
2732
2904
2741
2748
2764
2770
2773
2912
2949
3097
3019
2918
3101
3195
3023
2797
2803
2919
3102
3199
3024
2922
2808
2810
2811
2923
2812
2813
2814
2815
2492
2493
2833
3104
3025
3201
2951
3103
3200
3253
3342
3343
3341
3340
3680
3685
3687
3686
3688
3689
3690
3691
3692
3693
3380
3709
3381
3710
3711
3254
3207
3382
3383
3694
3384
3385
3344
3255
3256
3345
3026
2501
2466
2396
2503
2502
2817
3258
3257
3389
3388
3387
3386
4044
4163
4045
4043
4011
4010
3919
3799
3918
3856
4162
4161
4160
4159
4465
4200
4464
4463
4477
4462
4460
4461
4459
4158
4157
4156
4155
4154
3782
3855
3917
4000
3853
3915
3996
4139
4135
4033
4132
4134
4396
4400
4475
4417
4420
4426
4428
4429
4442
4451
4874
4876
5189
4878
4913
4879
4880
4641
4780
4914
4917
5201
4916
4915
5200
5199
5219
5197
5198
5480
5648
5560
5650
5649
5686
5647
5645
5885
5887
5888
5889
6149
6148
6407
6406
6405
6404
6403
6430
6401
6400
6147
6094
6093
5910
5855
5847
5846
5681
5639
5680
5465
5630
5637
5167
5172
5166
5161
5158
5216
5141
5146
4908
4871
4869
4906
4860
4683
4855
4898
4848
4842
4892
5114
5099
5096
5094
5082
5076
5059
5208
5056
5452
5589
5598
5666
5612
5618
5671
5623
5824
5826
6076
6130
6331
6327
6424
6349
6355
6143
6138
6366
6368
6369
6388
6582
6738
6730
6785
7025
7023
7020
7008
7003
7072
6988
6984
6780
6724
6710
6571
6315
6298
6293
6287
6273
6268
6416
6257
6256
6241
6049
5960
5959
5764
5747
5652
5651
5561
5570
5573
5744
5738
5727
5726
5895
5714
5710
5911
5687
5890
5967
5951
5987
6022
6036
6108
6103
6030
6402
6151
6190
6441
6435
6431
6535
6553
6649
6598
6595
6532
6593
6565
6971
7079
7080
7087
7057
6826
6824
7210
7271
7444
7815
7928
7859
8105
8072
8171
8241
8127
8049
7987
7950
7818
7951
7989
8054
8138
8058
8119
8057
7993
7955
7994
7831
7830
7827
7567
7559
7550
7568
7577
7476
7375
7381
7477
7387
7400
7234
6837
6854
6843
6859
6865
6883
6756
6908
6910
7064
6921
6926
6679
6763
6686
6708
6694
6769
6939
6944
6950
6968
7247
7443
7421
7499
7428
7445
7708
7703
7860
7700
7693
7687
7682
7673
7678
7852
7939
7965
7940
7966
8009
8080
8008
8166
8169
8076
7964
8004
7963
7938
8071
8003
8159
8161
8070
7962
7937
7961
7850
7659
7664
7649
7639
7413
7492
7635
7630
7838
7835
7936
7957
7999
8066
8153
8120
8148
8062
8139
8325
8327
8330
8332
8464
8455
8459
8468
8490
8652
8516
8527
8525
8534
8536
8551
8548
8661
8710
8718
8745
8717
8709
8741
8716
8791
8794
8798
8859
8864
8803
8719
8748
8663
8553
8559
8567
8666
8751
8721
8808
8722
8753
8811
8670
8672
8813
8756
8711
8727
8757
8879
8815
8886
8819
8760
8729
8825
8766
8830
8770
8613
8701
8698
8697
8695
8607
8687
8600
8676
8593
8583
8570
8586
8589
8573
8211
7977
8107
8033
8097
8025
7976
7974
7944
8191
8199
8023
8093
7973
7943
8019
7971
8090
8181
8085
8014
7969
7968
7941
7970
7942
7874
7716
7720
7729
7735
7738
7884
7894
7761
7757
7755
7745
7749
7509
7456
7462
7514
7465
7773
7779
7783
7791
7793
7794
7912
7924
7978
8037
8112
8116
8041
7980
7981
8117
8042
7927
7929
7796
7795
8043
7982
8118
7930
7526
7525
7797
7364
7363
7518
7470
7469
7517
7468
7276
7049
7048
7034
7077
7050
7051
7052
7053
7054
6790
6742
6741
6791
6743
6796
6795
6797
6637
6638
6639
6408
6011
6150
6152
6154
6153
6155
6156
6095
6012
6014
6096
6013
6158
6157
6531
6642
6641
6640
6744
6745
6807
6806
7056
6805
6804
6803
6802
6801
6800
6799
6798
7055
7471
7365
7366
7367
7472
7534
7535
7798
7536
7368
7369
7370
7537
7538
7539
7540
7541
7473
7371
7474
7372
7542
7543
7799
7544
7548
7547
7545
7546
8048
8246
8247
8317
8248
8249
8318
8380
8378
8377
8376
8375
8374
8621
8372
8371
8920
8921
9015
9014
9056
9057
8918
8917
8777
8370
8369
8368
8367
8316
8245
8244
8315
8366
8365
8620
8364
8363
8243
7986
7949
8047
8046
7985
7948
7816
7533
7817
7532
7531
7530
7529
7528
7527
7814
7813
7947
7984
8044
7946
7983
8045
8362
8361
8360
8619
8359
8705
8637
8638
8916
9013
9012
8915
8914
8913
8842
8841
8776
8732
8836
8775
8731
8704
8618
8617
8616
8702
8703
8730
8774
8835
8834
8773
8908
8907
8906
8905
8904
8902
9261
9264
9318
9269
9268
9324
9366
9455
9512
9450
9395
9325
9396
9367
9451
9326
9270
9271
9052
9054
9053
9283
9336
9368
9397
9398
9369
9337
9284
9285
9055
9399
9400
9909
9609
9610
9611
9612
9887
9613
9614
9615
9616
9617
9568
9514
9618
9619
9620
9569
9570
9626
9625
9623
9624
9622
9888
9621
10208
10105
10106
10209
10271
10270
10269
10268
10267
10266
10509
10265
10264
10104
10102
10103
10263
10101
10207
10262
10261
10260
10508
10257
10256
10258
10259
10100
10206
10099
10255
10254
10253
10522
10252
10052
9996
10047
9995
9975
9955
9608
9607
9908
9953
9974
9994
10046
9993
9973
10044
9972
9992
10045
10503
10500
10563
10502
10504
10505
10564
10507
10506
10565
10596
10625
10569
10626
10595
10668
10624
10666
10623
10594
10665
10622
10593
10621
10663
10591
10661
10590
10588
10562
10497
10488
10478
10472
10199
10196
10190
10193
10192
10200
10202
10040
10041
9991
9971
9990
9969
9836
9825
9831
9840
9847
9853
9858
9861
9871
9946
9876
9879
9950
9880
9881
9951
9883
9952
9885
9886
9884
9882
9503
9497
9443
9393
9364
9392
9441
9362
9335
9315
9246
9241
9236
9222
9215
9217
9314
9359
9439
9390
9334
9312
9203
9198
9308
9307
9192
9183
9180
9172
9167
9300
9357
9384
9431
9387
9435
9388
9436
9490
9485
9472
9429
9382
9355
9380
9333
9354
9427
9471
9379
9353
9423
9351
9332
9299
9165
9157
9155
9150
9146
9036
9142
9140
9143
9298
9350
9331
9349
9378
9420
9468
9470
9377
9415
9348
9330
9137
9131
9127
9112
9117
9292
9346
9329
9345
9375
9413
9461
9459
9373
9412
9328
9344
9409
9457
9372
9342
9289
9089
9093
9098
9103
8967
8976
8972
8963
8850
8849
8786
8785
8737
8736
8714
8708
8647
8646
8439
8425
8434
8444
8645
8390
8382
8379
8373
8639
8793
8669
8640
8713
8734
8781
8733
8780
8837
8843
8919
8922
8925
9020
8848
9027
9024
9023
9061
9074
9086
9079
9288
9327
9408
9341
9371
9339
9403
9370
9302
9267
9424
9477
9567
9571
9907
9943
10021
10038
9910
9628
9633
9638
9641
10111
10108
10114
10116
10001
9976
9956
9914
9650
9655
9667
9672
9916
9682
9697
9688
9917
9918
9957
9978
10005
9977
10006
10054
10007
9958
9954
9979
9980
10008
9960
9982
10056
10055
10010
9984
10013
10063
10016
9986
9962
9926
9921
9920
9706
9711
9720
9725
9728
9743
9735
9933
9987
10022
9963
9934
9988
10027
9937
9758
9765
9773
9785
9788
9791
9795
9806
9820
9814
9809
10184
10186
10188
10449
10440
10460
10182
10181
10177
10176
10174
10172
10069
10422
10409
10543
10393
10387
10378
10369
10361
10359
10364
10541
10606
10568
10578
10542
10579
10584
10649
10692
10799
10999
10989
10953
10971
10976
10691
10690
10647
10644
10604
10577
10567
10640
10603
10575
10535
10355
10342
10305
10310
10316
10326
10337
10530
10533
10574
10602
10635
10601
10634
10680
10758
10755
10751
10748
10299
10524
10272
10523
10570
10598
10667
10597
10629
10630
10669
10673
10674
10823
10824
10822
10819
10872
10868
10866
11117
11139
11142
11203
11290
11264
11416
11715
11724
11788
11422
11441
11429
11362
10883
10895
10899
10940
10908
10917
10931
11150
11151
11148
11194
11369
11373
11458
11463
11480
11483
11690
11495
11502
11512
11689
11732
11779
11731
11753
11783
11733
11754
11735
11785
11830
11985
12087
12096
12080
12286
12236
12284
12334
12378
12379
12302
12282
12281
12300
12235
12232
11980
11975
12274
12230
12231
12278
12372
12344
12373
12374
12375
12560
12549
12849
13060
12986
12860
12561
12566
12579
12582
12597
12599
12867
12868
12865
12933
13142
13147
13133
13432
13433
13184
13487
13602
13568
13426
13431
13609
13610
13618
13619
13831
13836
13823
13828
13840
13845
13850
13853
13858
13890
13895
13898
13903
13908
13913
13918
13919
13931
13929
13924
13702
13620
13701
13502
13230
13233
13435
13242
13256
13261
13280
13299
13304
13319
13330
13351
13347
13506
13505
13504
13569
13807
13804
13799
13964
13963
13965
13966
13967
13969
13972
13976
14032
14039
14048
14058
14065
14072
14078
14086
14093
14104
14174
14190
14207
14226
14229
14231
14230
14232
13816
13813
13810
13599
13508
13510
13514
13385
13365
13381
13398
13400
13178
13174
13180
13072
13408
13409
13410
13183
13128
13073
13411
13412
13071
13129
13074
13185
13130
12547
12550
12548
12434
12473
12546
12769
12768
12767
12433
12545
12472
12544
12758
12763
12977
12880
12878
12738
12743
12430
12467
12537
12720
12706
12699
12875
13171
13167
13162
12951
12874
12873
12620
12612
12635
12656
12661
12675
12687
12519
12528
12429
12535
12347
12291
12289
12106
12111
12118
12000
11999
12138
12135
12153
12003
12163
12179
12186
12194
12213
12216
12217
12218
11959
12018
12017
12016
12015
12012
12009
11812
11747
11750
11749
11657
11658
11649
11653
11632
11613
11622
11743
11738
11801
11737
11593
11600
11579
11574
11534
11543
11556
11395
11390
11396
11154
11155
11204
11156
11401
11404
11407
11225
11161
11159
11013
11008
11025
10854
11041
11039
10857
10860
11057
11069
11163
11078
11077
11076
11075
11165
11231
11411
11659
11660
11412
11413
11415
11414
11351
11298
10863
10864
10867
11143
10865
11090
11187
11186
11352
11417
11676
11728
11727
11726
11725
11770
11751
11961
11960
12020
12019
11818
11819
11752
11677
11729
11771
11772
11418
11419
11678
11420
11679
11680
11773
11820
11821
11822
11774
11882
12021
12022
12023
12024
12025
12028
12027
12026
12279
12298
12323
12426
12427
12435
12474
12558
12557
12556
12555
12554
12551
12553
12552
13075
13131
13190
13188
13189
13191
13187
13549
13186
13430
13429
13428
13427
13548
13547
13608
13498
13516
13607
13754
13819
13818
13614
13615
13616
13617
13694
13821
13820
13824
13822
13826
13825
13827
13829
13830
13832
13833
13834
13755
13689
13690
13756
13695
13837
13835
13838
13839
13841
13842
13843
13844
13757
13758
13696
13846
13847
13849
13848
13851
13852
13854
13855
13857
13860
13859
13856
13759
13697
13691
13193
13194
13195
13192
13196
13197
13198
13199
12990
12989
12988
12983
12925
12885
12861
12559
12779
12475
12436
12476
12780
12862
12781
12782
12863
12886
12887
12864
12991
12926
12992
12993
12994
12928
12927
12564
12785
12784
12783
12563
12562
12477
12437
12428
12032
12029
12030
12031
11962
11963
11964
11965
11966
12033
12035
12034
12036
11969
11968
11967
11428
11775
11426
11427
11425
11424
11423
11353
11244
11189
11421
11243
11242
11241
11240
11096
11141
11095
11239
11238
11237
11233
11232
11094
11093
11091
11092
10813
10727
10728
10729
10814
10730
10627
10731
10815
10732
10733
10816
11097
11098
11144
11166
11145
11167
11146
11188
11099
10869
10870
11100
10871
10818
10737
10736
10817
10735
10734
10628
10273
10274
10510
10275
10276
10277
10278
10279
10210
10110
10112
10211
10113
9998
10115
10280
10281
10282
10284
10283
10511
10631
10738
10739
10820
10740
10741
10878
10879
11079
10821
10742
10877
10876
10873
10874
10875
11190
11355
11354
11430
11661
11431
11432
11356
11357
11433
11358
11359
11434
11360
11435
11436
11662
11437
11438
11439
11440
11361
11363
11364
11299
11300
11365
11301
11192
11193
11191
11147
11080
10887
10889
10888
10886
10885
10884
10882
10881
10880
10675
10632
10670
10676
10677
10678
10679
10600
10573
10529
10528
10572
10599
10571
10527
10525
10566
10526
10214
10053
10120
10000
10119
10288
10287
10285
10286
10117
10212
10213
10118
9999
9647
9646
9645
9644
9643
9639
9642
9640
9890
9574
9519
9518
9573
9517
9456
9071
9070
9069
9068
9067
9066
9273
9286
9402
9401
9338
9637
9636
9635
9634
9632
9631
9889
10109
10107
9997
9627
9630
9629
9572
9516
9515
9059
9272
9060
9058
9062
9064
9063
9065
9016
8926
8927
8924
8923
8778
8383
8381
8622
8384
8385
8387
8388
8386
8389
8779
8928
9017
8929
8391
8392
8623
8393
8394
8395
8396
8397
9018
8931
9019
8930
8398
8932
8782
8641
8642
8400
8399
8735
8783
8845
8844
8784
8846
8847
8933
8644
8643
8402
8624
8401
8403
8404
8405
8406
8407
8255
8411
8410
8409
8408
9021
8934
8935
9022
8936
8937
8938
9084
9083
9082
9081
9080
9274
9078
9077
9076
9287
9075
9073
9072
9340
9404
9405
9520
9575
9576
9521
9911
9648
9649
9912
9913
9915
9651
10002
10003
10121
10215
10122
10290
10289
10512
10291
10292
10293
10294
10295
10296
10124
10216
10123
10004
9659
9658
9657
9656
9891
9654
9652
9653
9577
9522
9523
9524
9406
9407
9085
9025
8939
8940
9026
8941
8942
8943
9028
9087
9088
8947
8946
9029
8945
8944
8418
8417
8416
8414
8415
8413
8412
8321
8256
8625
8322
8257
8258
8259
8260
8419
8420
8626
8421
8422
8423
8424
8426
8427
8428
8429
8326
8266
8263
8265
8264
8430
8627
8431
8432
8435
8433
8436
8949
8948
9030
8950
9031
8951
8952
8953
9032
8954
8955
9033
9097
9096
9095
9094
9275
9092
9090
9091
9580
9579
9578
9525
9663
9662
9660
9661
9892
9664
9665
9666
9668
9669
9670
9671
9893
9673
9674
9675
9676
9677
9678
9679
9527
9526
9581
9683
9684
9687
9686
9685
9894
9681
9680
10133
10134
10135
10317
10318
10319
10320
10321
10322
10515
10221
10136
10137
10222
10325
10323
10324
10138
10139
10140
10328
10327
10329
10516
10330
10765
10766
10764
10832
10763
10762
10761
10831
10901
10903
11082
10902
10904
10905
10906
10907
10909
10910
11102
11101
11196
11247
11246
11197
11245
11103
10833
10767
10768
10834
10769
10636
10911
10912
10913
10914
10915
10916
10918
10919
11083
10773
10772
10771
10770
10534
10637
10638
10532
10531
10338
10339
10226
10147
10148
10146
10225
10145
10144
10143
10336
10335
10334
10333
10332
10331
10224
10142
10223
10141
9895
9689
9690
9691
9692
9693
9694
9698
9696
9695
9458
9528
9529
9582
9530
9583
9531
9532
9533
9702
9700
9699
9701
9896
9703
9704
9705
9707
9708
9709
9584
9534
9535
9585
9536
9291
9374
9414
9376
9460
9537
9538
9539
9710
9712
9919
9959
10009
9981
9713
9714
9715
9716
9718
9717
9719
9586
9540
9462
9463
9541
9464
9129
9128
9130
9132
9133
9134
8852
8853
8981
9135
9136
9347
9465
9417
9416
9452
9293
9294
9035
8854
8838
8715
8649
8788
8855
9138
9139
9295
9296
9297
9418
9419
9469
9542
9421
9467
9466
9929
9734
9733
9732
9731
9730
9927
9928
10017
10066
10065
10064
10015
9985
10014
10048
10060
10061
10062
9925
9924
9729
9727
9587
9923
9983
10012
9922
10011
9726
9961
9724
9721
9722
9723
10059
10228
10357
10356
10354
10353
10151
10058
10352
10351
10517
10350
10349
10348
10057
10150
10227
10347
10346
10345
10344
10341
10343
10340
10149
10639
10775
10774
10681
10776
10920
10921
10777
10683
10682
10835
10922
10923
11199
11152
10924
11084
10925
10926
10928
10927
11200
11201
11168
10929
10930
10932
10836
10778
10933
10934
10935
10936
10937
10686
10685
10684
10641
10576
10642
10358
10536
10537
10360
10538
10643
10687
10779
10942
10943
10941
10939
10938
11249
11248
11386
11313
11503
11504
11505
11506
11668
11507
11508
11509
11511
11510
11314
11837
11913
12098
11989
11836
11912
12095
12223
12097
12094
12093
11911
11835
11787
11501
11691
11499
11500
11786
11910
11834
12092
12091
12089
12090
12088
11988
11909
11734
11498
11497
11385
11312
11311
11310
11384
11383
11496
11494
11382
11493
11492
11491
11381
11379
11380
11490
11667
11489
11488
11487
11378
11377
11376
11375
11374
11198
11482
11484
11485
11486
11784
11831
11907
11832
11908
12078
12077
12222
12079
12081
12082
12083
12084
11833
11987
12085
12086
12241
12242
12337
12244
12243
12338
12387
12386
12385
12369
12384
12603
12604
12605
12606
12448
12447
12446
12502
12501
12444
12445
12500
12336
12335
12285
12499
12498
12497
12496
11986
12076
12075
12221
12074
12073
11906
12072
12069
12068
12070
12071
11904
11905
11815
11826
11827
11828
11829
11780
11781
11481
11782
11688
11687
11686
11685
11479
11478
11309
11308
11372
11307
11306
11371
11477
11476
11305
11475
11474
11473
11666
11472
11471
11470
11469
11902
11984
11903
11983
11901
12065
12240
12066
12067
12239
12237
12238
12064
12063
12062
12061
12060
12220
12059
12058
12283
12328
12057
11900
11899
11982
11898
11897
11981
12056
11896
12055
12219
12054
12053
12052
12048
12049
12050
12051
11889
11890
11891
11978
11892
11893
11979
11895
11894
11451
11452
11664
11453
11454
11367
11455
11368
11456
11457
11459
11460
11461
11462
11665
11464
11465
11468
11466
11467
11370
11304
11303
11195
11149
10900
10898
10897
10896
10830
10760
10759
10757
10756
10829
10754
10752
10753
10514
10311
10312
10314
10313
10315
10220
10132
10131
10219
10308
10309
10306
10307
10130
10129
10128
10127
10218
10126
10217
10125
10302
10304
10303
10301
10300
10513
10298
10297
10633
10744
10743
10825
10745
10826
10746
10750
10828
10749
10827
10747
11081
10894
10893
10892
10891
10890
11302
11366
11450
11449
11448
11447
11446
11445
11444
11442
11663
11443
11888
11977
11887
11976
11886
11825
11824
11684
11683
11723
11682
11681
11823
11814
11778
11777
11776
11730
11884
11885
11974
11883
11973
11972
12037
11970
11971
12038
12039
12040
12041
12042
12280
12299
12324
12325
12043
12044
12045
12046
12047
12234
12233
12301
12326
12376
12377
12327
12480
12481
12575
12574
12479
12572
12573
12571
12570
12440
12478
12439
12569
12789
12568
12567
12788
12787
12438
12786
12565
12931
12930
13132
12929
13076
13200
13201
13202
13203
13204
13205
13209
13208
13207
13206
13551
13517
13499
13550
13760
13863
13862
13864
13861
13865
13866
13867
13868
13869
13761
13762
13763
13870
13871
13872
13873
13874
13875
13876
13877
13764
13765
13766
13767
13413
13212
13213
13214
13211
13210
13078
13077
12984
12995
13134
13135
13136
12932
13137
13138
12770
12576
12577
12482
12483
12578
13141
13140
13139
13215
13216
13217
13414
13218
13221
13220
13219
13552
13500
13554
13553
13768
13878
13879
13880
13881
13882
13885
13884
13883
13769
13770
13698
13699
13700
13771
13886
13887
13888
13889
13891
13892
13772
13773
13774
13775
13555
13227
13226
13225
13224
13223
13434
13222
13143
13144
13145
13080
13081
13146
13079
12934
12866
12935
12996
13082
12937
12936
12888
12585
12584
12771
12583
12581
12580
12484
12485
12486
12487
12587
12586
12588
12589
12790
12590
12791
12938
12997
13083
12889
12792
12793
12591
12592
12490
12441
12488
12489
12442
12443
12380
12329
12330
12303
12304
12331
12305
12332
12381
12382
12383
12491
12333
12494
12495
12493
12492
12598
12596
12595
12594
12593
12795
12794
12797
12796
12940
12939
12891
12890
12941
12892
12942
13000
12999
12998
12943
12798
12799
12985
13001
13085
13084
13236
13416
13237
13235
13234
13232
13231
13229
13228
13415
13780
13779
13778
13777
13776
13894
13893
13896
13897
13899
13900
13901
13902
13904
13905
13906
13907
13909
13910
13911
13912
13917
13915
13914
13916
13781
13782
13703
13704
13783
13705
13501
13556
13557
13239
13240
13238
13436
13558
13621
13559
13622
13706
13623
13437
13438
13560
13241
13003
13002
12858
12800
12801
13004
13005
12869
12802
12893
12894
12870
12803
12871
12804
12600
12602
12601
12944
13006
13148
13245
13243
13244
13439
13440
13246
13247
13248
12945
13150
13149
13250
13249
13442
13441
13519
13562
13626
13708
13518
13561
13624
13625
13707
13784
13920
13921
13922
13923
13925
13926
13927
13928
13627
13785
13930
13932
13933
13934
13935
13937
13936
13938
13788
13789
13786
13787
13563
13252
13251
13253
13254
13255
13151
13152
13153
13154
12607
12608
12772
12609
12610
12503
12504
12339
12505
12506
12611
12507
12613
12508
12509
12510
12511
12621
12619
12618
12617
12616
12614
12615
12773
12946
12872
12895
12948
12947
13087
13088
13159
13086
13158
13157
13156
13155
13259
13257
13258
13417
13260
13790
13791
13792
13939
13940
13941
13942
13943
13946
13944
13945
13793
13794
13795
13709
13710
13711
13796
13628
13629
13566
13520
13565
13564
13503
13262
13263
13264
13418
13265
13266
13267
13268
13443
13444
13269
13270
13271
13089
13090
13091
13007
13092
12949
12896
12624
12623
12622
12512
12513
12449
12450
12451
12514
12625
12626
12805
12627
12806
12628
12629
12774
12630
12631
12632
12633
12634
12897
12950
13008
13093
13094
13095
13161
13160
13281
13282
13279
13278
13277
13276
13275
13419
13274
13273
13272
13446
13445
13567
13521
13630
13631
13712
13713
13797
13947
13949
13948
13950
13951
13952
13954
13953
13955
13957
13956
13714
13798
13716
13715
13958
13717
13959
13962
13960
13961
13800
13719
13720
13721
13801
13718
13286
13285
13283
13284
13420
13096
13097
13098
13289
13287
13288
13163
13099
13100
13164
13290
13291
13292
13293
13421
13802
13723
13722
13724
13803
13726
13725
13300
13301
13166
13165
13104
13105
13298
13297
13296
13295
13294
13102
13101
13103
12776
12653
12652
12651
12650
12649
12648
12647
12518
12453
12454
12645
12646
12517
12644
12643
12642
12641
12640
12775
12639
12638
12637
12636
12515
12452
12516
12225
12112
12110
12109
11926
11925
11924
11923
11994
11922
11993
12108
12107
11921
11920
11919
11918
11992
11917
11916
11991
12246
12245
12343
12342
12341
12105
12104
12103
12102
12224
12340
12287
12099
12100
12101
11990
11914
11915
11838
11736
11513
11514
11515
11387
11250
11153
11315
11202
11316
11669
11517
11516
11518
11519
11520
11521
11522
11523
11524
11525
11526
11670
11527
11528
11529
11530
11531
11532
11319
11169
11389
11318
11388
11317
11104
10947
10948
11085
10949
10950
10951
10954
10952
10839
10782
10781
10838
10780
10945
10946
10944
10837
10689
10688
10646
10605
10645
10539
10362
10363
10540
10365
10366
10152
10018
9930
10019
9931
10153
10229
10154
10155
10230
10367
10368
10518
10370
10371
10372
10373
10374
10375
10376
10377
10379
10519
10380
10381
10783
10784
10785
10840
10786
10787
10841
10788
10789
10955
11086
10958
10956
10957
10959
10960
10961
10962
10842
10790
10791
10843
10792
10793
10967
10966
11087
10965
10964
10963
11320
11391
11321
11322
11392
11324
11323
11536
11533
11671
11535
11537
11538
11539
11540
11393
11325
11327
11326
11394
11542
11541
11928
11995
11927
12113
12114
12115
12116
11996
11930
11929
11931
11932
11997
11544
11545
11546
11672
11547
11548
11549
11552
11551
11550
11553
11328
11329
11251
11252
11253
11254
11172
11171
11207
11206
11205
11170
10968
10969
10970
10972
10973
10974
11105
11106
10975
11107
11108
10977
10794
10844
10795
10796
10845
10797
11109
11173
11208
11209
11255
11110
10978
10979
10980
10981
11111
11112
11175
11174
11210
11330
11256
11257
11211
11331
11332
11212
11113
10983
10982
10984
10985
10846
10798
10696
10986
10987
10988
11114
11116
11115
11176
11214
11213
11258
11337
11336
11335
11260
11259
11397
11338
11566
11567
11568
11565
11564
11563
11704
11703
11562
11702
11561
11333
11334
11560
11701
11559
11558
11700
11699
11698
11557
11555
11696
11697
11757
11792
11793
11758
11794
11795
11796
11760
11759
11844
11845
11846
12130
12128
12129
12132
12131
11847
11797
11761
11848
11849
11762
11798
11763
11799
11850
11936
11937
11939
11940
11938
12137
12136
12227
12134
12133
12527
12529
12530
12682
12681
12680
12679
12678
12677
12676
12526
12674
12525
12673
12523
12524
12346
12672
12671
12812
12670
12811
12810
12809
12668
12669
12522
12459
12458
12127
12126
12125
11841
11842
11843
11756
11791
11790
11755
11554
11695
11694
11693
11692
11789
11840
11839
11935
11934
11998
11933
12124
12123
12122
12121
12120
12226
12119
12117
12345
12288
12456
12457
12521
12455
12520
12666
12667
12665
12664
12663
12662
12777
12660
12659
12658
12808
12657
12655
12654
12807
12898
12952
12899
12953
13009
13106
13107
13010
13108
13302
13303
13422
13305
13306
13307
13308
13309
13168
13109
13110
13169
13310
13311
13312
13313
13447
13448
13450
13314
13315
13449
13524
13525
13573
13611
13635
13634
13633
13572
13523
13571
13522
13570
13727
13805
13728
13729
13806
13968
13970
13971
13730
13731
13632
13974
13973
13975
13977
13978
13979
13980
13981
13982
13986
13985
13984
13983
13732
13638
13636
13637
13576
13575
13527
13574
13526
13453
13452
13451
13316
13317
13112
13111
13011
12954
12900
12955
12956
12901
13012
13013
13113
13114
13115
13318
13454
13455
13577
13578
13733
13639
13456
13320
13321
13322
13323
13170
13172
13116
12902
13014
13015
13117
13331
13329
13328
13327
13326
13324
13325
13423
13734
13640
13641
13735
13808
13990
13989
13987
13988
13991
13992
13993
13994
13995
13996
13997
13998
13999
14000
14001
14002
14003
14004
14005
14006
14007
14008
14009
13809
13642
13579
13507
13528
13457
13332
13333
13334
13173
13016
13337
13336
13335
13459
13460
13458
13529
13580
13643
13644
13645
14010
14012
14011
14013
14014
14015
14016
14017
14018
14019
14020
14021
14022
14023
14024
14025
14026
14027
14028
14029
14030
14031
14033
14034
14035
14036
14037
14038
14041
14040
13655
13656
13657
13586
13535
13534
13585
13654
13653
13584
13533
13652
13651
13650
13532
13583
13531
13582
13649
13648
13647
13646
13581
13530
13461
13462
13463
13338
13339
13340
13020
13019
13018
13021
13022
12960
13023
13024
13464
13341
13342
13343
13466
13465
13467
13468
13469
13344
13345
13346
13348
13471
13470
13029
13030
13031
13032
12987
12910
12966
12965
12964
12909
12908
12963
13026
13027
13028
13025
12961
12962
12907
12906
12823
12822
12695
12821
12696
12824
12697
12698
12825
12826
12827
12828
12700
12701
12405
12404
12403
12355
12356
12311
12357
12312
12406
12407
12358
12313
12408
12409
12359
12371
12410
12411
12292
12314
12271
12270
12269
12268
12165
12164
12267
12162
12161
12266
12160
12265
12264
12262
12263
12159
11816
11739
11861
11862
12002
11946
12158
12157
12156
12155
12154
12256
12255
12308
12352
12257
12258
12259
12260
12261
12310
12309
12353
12354
12401
12402
12400
12399
12398
12397
12396
12395
12394
12392
12393
12694
12819
12820
12818
12817
12693
12691
12692
12816
12959
12905
12958
12904
12815
12814
12690
12689
12813
13017
12903
12957
12876
12688
12686
12685
12683
12684
12531
12532
12533
12460
12461
12534
12462
12348
12349
12370
12388
12389
12390
12350
12306
12391
12351
12307
12251
12252
12253
12254
12152
12001
11860
11945
11859
12151
12150
12149
12148
12250
12249
12147
12248
12146
12247
12145
12144
12143
12142
12228
12141
12140
12290
12139
11942
11941
11943
11851
11800
11764
11852
11853
11854
11855
11856
11857
11944
11858
11765
11802
11803
11710
11711
11582
11581
11580
11578
11577
11709
11708
11576
11707
11575
11573
11706
11705
11572
11571
11570
11569
11339
11262
11261
10993
10992
10990
10991
10800
10697
10994
10995
10996
10997
10998
11000
11001
11263
11157
11215
11177
11398
11265
11216
11178
11266
11267
11268
11585
11583
11584
11673
11586
11587
11588
11589
11591
11590
11271
11270
11269
11217
11179
11218
11234
11124
11125
11123
11122
11007
11006
11121
11005
11120
11119
11118
11002
11003
11004
10705
10801
10848
10704
10614
10655
10613
10654
10612
10703
10702
10701
10700
10699
10847
10610
10652
10583
10698
10416
10415
10413
10414
10071
10237
10173
10238
10417
10418
10548
10419
10549
10420
10611
10653
10550
10551
10421
10552
10423
10553
10426
10427
10425
10424
10239
10175
10073
10072
10029
9964
9938
9790
9789
9787
9786
9551
9475
9784
9474
9473
9381
9594
9595
9550
9783
9782
9901
9781
9779
9778
9780
10070
10028
10068
10170
10171
10412
10411
10410
10408
10407
10406
10405
10547
10609
10582
10546
10608
10581
10695
10694
10693
10607
10580
10545
10671
10544
10651
10650
10404
10403
10401
10402
10400
10399
10398
10521
10397
10235
10167
10168
10236
10169
10024
10025
10049
10067
10026
9777
9776
9775
9774
9772
9936
9935
9771
9549
9428
9426
9593
9548
9547
9592
9546
9768
9770
9769
9767
9766
9900
9764
9763
10023
10166
10165
10234
10164
10163
10396
10648
10394
10395
10392
10391
10390
10388
10520
10389
10233
10162
10385
10386
10161
10382
10383
10384
10232
10160
10231
10159
10158
10156
10157
9897
9737
9932
9736
9738
9739
9740
9741
9742
9744
9745
9588
9543
9747
9746
9898
9748
9749
9750
9751
9589
9590
9752
9753
10020
9754
9755
9899
9756
9757
9760
9761
9762
9759
9591
9545
9544
9151
9152
9153
9154
9352
9425
9156
9158
9279
9159
9160
9161
9163
9164
9162
9000
9044
8999
8998
9043
8997
8996
8995
8792
8858
8521
8522
8523
8524
8299
8344
8343
8298
8160
8073
8005
8297
8296
8519
8520
8632
8518
8517
8653
8515
8514
8513
8512
8342
8295
8294
8341
8293
8291
8292
7808
7661
7660
7658
7657
7656
7655
7654
7653
7652
7807
7651
7650
7648
7647
7493
7418
7240
7419
7494
7420
7422
7495
7663
7662
7423
7424
7425
7665
7667
7666
7496
7668
7669
7670
7851
7671
7672
7809
7674
7675
7677
7676
7430
7431
7429
7497
7427
7426
6938
6937
6936
6935
6934
7067
6692
6767
6691
6766
6933
6932
6931
6930
6927
6928
6929
6925
6924
6923
6922
7066
6689
6690
6688
6765
6687
6764
6685
6276
6275
6274
6272
6271
6418
6269
6270
6564
6684
6683
6920
6919
6918
6917
6682
6762
6916
6915
7065
6914
6913
7112
6912
6761
6681
6680
6610
6609
6911
6608
6562
6563
6465
6464
6463
6561
6590
6607
6560
6461
6462
6258
6259
6119
6058
6260
6261
6120
6417
6262
6263
6264
6265
6266
6267
6121
6059
6060
6061
5966
5965
5902
5783
5784
5785
5786
5787
5788
5789
5790
5791
5663
5601
5600
5662
5599
5514
5353
5270
5396
5352
5512
5513
5395
5351
5269
5316
5510
5511
5266
5267
5268
4738
4737
5057
5058
5207
4835
4890
4836
4837
4676
4838
4891
5060
5061
5062
5063
5064
5066
5065
5603
5602
5604
5664
5605
5606
5665
5609
5607
5608
5209
5067
5068
5069
5070
4839
4893
4840
4894
4841
5071
5072
5073
4843
5074
5075
5077
5078
4844
5210
5079
5080
5081
4845
4846
4895
4896
5083
5084
5085
5456
5668
5611
5610
5667
5792
5793
5794
5796
5795
5903
5613
5797
5798
5800
5799
6064
6063
6124
6123
6062
6122
6277
6278
6279
6419
6280
6282
6281
6283
6284
6285
6286
6288
6289
6290
6420
6291
6292
6125
6294
6295
6296
6297
6768
6697
6696
6695
6693
6940
6941
6942
6943
7068
6945
6946
6770
6698
6947
6948
6949
6951
6699
6700
6952
6953
7069
6954
6956
6955
6772
6771
6702
6701
6566
6299
6300
6421
6301
6302
6305
6304
6303
6126
6065
6066
6067
6127
6306
6068
5969
6307
6308
6422
6309
6310
6311
6312
6128
6069
6070
6071
6129
6314
6313
6568
6316
6466
6525
6569
6775
6611
6707
6967
6966
6965
6964
6962
7070
6963
6774
6705
6706
6773
6704
6567
6703
6960
6961
6959
6958
6957
7242
7438
7439
7503
7441
7504
7440
7691
7690
7692
7689
7688
7686
7858
8165
8305
8079
7857
8077
8078
7856
7685
7855
7683
7684
7502
7437
7436
7501
7435
7241
7854
7680
7681
7853
7434
7433
7432
7498
7500
7679
8006
8074
8007
8075
8164
8122
8163
8301
8162
8300
8526
8655
8654
8797
8742
8795
8796
8860
8861
8799
8743
8800
8801
8863
8862
8802
8746
8744
8528
8656
8657
8658
8659
8660
8529
8530
8302
8304
8303
8531
8532
8533
8535
9001
9002
9003
9045
9166
9046
9168
9170
9169
9171
9175
9174
9173
9004
8747
8866
8865
8537
8538
8539
8540
8541
8306
8542
8543
8544
8545
8546
8547
8167
8345
8168
8307
8346
8170
8010
8081
7967
7702
7701
7699
7698
7697
7695
7810
7694
7696
7442
7285
7243
7314
7315
7244
7245
7113
7114
7116
7115
7317
7316
7318
7319
7246
7185
7117
6970
6969
7118
7186
7119
7120
6972
7122
7121
6973
6974
7187
7248
7249
7320
7321
7322
7251
7250
7188
7323
7324
7325
7705
7704
7861
7862
8011
8082
8173
8172
8012
8083
8174
8084
8175
8013
8086
7864
7706
7707
7863
7709
8015
8087
8176
8177
8178
7865
7866
7867
7868
7870
7869
7715
7717
7714
7713
7712
7711
7710
7330
7329
7328
7189
7326
7252
7253
7327
7254
7191
7190
7127
7126
6978
6979
7128
6980
7131
6982
6981
7129
7130
7255
7192
7356
7331
7332
7256
7193
7286
7132
6983
6985
7135
7134
7133
7194
7257
7333
7334
7335
7336
7446
7505
7447
7448
7506
7449
7731
7732
7733
7730
7728
7727
7726
7725
7724
7723
7722
7721
7876
7875
7719
7718
7871
7872
7873
8018
8089
8017
8016
8088
8179
8180
8182
8183
8184
8185
8186
8187
8554
8347
8556
8555
8557
8558
8308
8561
8560
8188
8189
8309
8565
8564
8563
8562
8633
9048
8873
9008
9210
9211
9209
9208
9206
9207
9205
8872
9007
9006
8810
8871
8752
8809
8909
9202
9201
9200
9199
9197
9196
9280
9195
9193
9194
8807
8750
8552
8749
8550
8665
8664
8662
8549
8806
8805
8720
8804
8870
8869
8868
9047
8867
9182
9181
9179
9005
9178
9177
9176
9356
9301
9383
9430
9596
9476
9478
9432
9385
9303
9304
9184
9185
9186
9305
9187
9306
9188
9189
9190
9191
9386
9433
9434
9482
9552
9481
9480
9479
9794
9796
9793
9792
10030
10074
9797
9798
9799
9800
9902
9553
9801
9802
9597
9483
9803
10076
10241
10180
10240
10075
10178
10179
10428
10429
10430
10431
10432
10433
10434
10435
10706
10802
10707
10849
11009
11126
11127
11128
11129
11131
11130
11011
11010
10850
10803
10710
10709
10708
10656
10585
10615
10616
10554
10555
10437
10438
10436
10439
10441
10442
10443
10444
10445
10446
10185
10183
10080
10079
10078
10077
10032
10031
9989
9965
9812
9810
9940
9811
9939
9808
9807
9805
9804
9484
9554
9598
9486
9453
9358
9488
9487
9437
9438
9310
9309
9311
9313
9204
9389
9491
9489
9555
9599
9556
9492
9493
9816
9813
9815
9817
9903
9818
9819
9822
9823
9821
10081
10082
10242
10448
10447
10450
10451
10187
10243
10083
9966
10033
10084
10050
9824
9941
9942
10034
9826
9827
10035
9828
9829
9830
9832
9833
9834
9904
9839
9838
9837
9835
9559
9558
9495
9600
9494
9557
9360
9440
9223
9221
9220
9219
9218
8877
8876
9216
9213
9214
9212
9049
8874
8875
8839
8723
8724
8754
8725
8755
8726
8812
8671
8668
8667
8569
8566
8568
8190
8348
7972
8020
8091
8021
8092
8192
8193
8194
8195
8094
8022
8196
8197
8571
8572
8574
8575
8576
8349
8310
8198
8577
8578
8579
8580
8581
8582
8584
8634
8814
8878
9009
9010
9224
9225
9281
9226
9227
9228
9496
9601
9498
9229
9230
9231
9050
8880
8881
9051
9011
8585
8587
8728
8882
8883
8884
8816
8758
8673
8588
8590
8591
8674
8592
8675
8759
8817
8885
8910
8818
8887
8889
8888
9245
9244
9243
9242
9240
9239
9238
9237
9235
9234
9232
9233
9391
9361
9499
9561
9603
9501
9500
9845
9844
9944
9843
9602
9560
9841
9842
9967
10036
10089
10195
10246
10469
10470
10088
10245
10194
10087
10244
10086
10191
10085
10189
10456
10459
10457
10458
10461
10462
10463
10464
10465
10466
10467
10468
10587
10658
10659
10717
10660
10558
10557
10619
10559
10719
10718
10855
11038
11036
11037
11035
11034
11033
11032
11031
10807
10716
10715
11030
11029
11028
11183
11224
11403
11343
11281
11282
11344
11623
11624
11283
11226
11160
11405
11625
11720
11721
11811
11874
12197
12198
12199
12195
12196
11817
11810
11873
11745
12007
11953
11872
12006
11871
11952
11675
11619
11621
11620
11618
11617
11616
11615
11614
11612
11611
11719
11809
11951
11870
11808
11950
12178
12177
12176
12175
12174
12172
12173
11868
11869
11744
11806
11807
11718
11717
11716
11609
11610
11342
11280
11402
11223
11027
11135
11026
11158
11279
11024
11023
11021
11022
10852
10806
10853
10714
10618
10455
10452
10453
10454
10556
10586
10617
10657
10713
10805
10851
11020
10712
11019
11018
11017
10711
10804
11016
11015
11014
11182
11134
11133
11132
11012
11221
11222
11399
11276
11220
11181
11219
11180
11235
11273
11272
11274
11275
11592
11712
11713
11766
11740
11741
11767
11864
11863
11804
11742
11714
11594
11595
11865
11805
11596
11597
11598
11277
11400
11340
11599
11601
11602
11603
11674
11604
11278
11341
11608
11607
11606
11605
11947
11948
11866
12004
11867
11949
12005
12166
12167
12168
12169
12171
12170
12316
12413
12463
12536
12273
12272
12293
12315
12294
12360
12412
12712
12711
12710
12838
12839
12840
12916
12917
12973
12713
12841
12842
12918
12974
12843
12714
12715
12844
12845
12716
12846
12717
12847
12848
12718
12464
12414
12721
12719
12919
12976
13118
13051
12975
13050
13049
13048
13047
13046
13045
13044
13043
12972
13042
12915
12971
13041
13038
13040
13039
12970
12914
12836
12837
12709
12707
12708
12835
12834
12969
12913
12833
12704
12705
12832
12831
12702
12703
12830
12829
12911
12967
12912
12968
13034
13033
13035
13036
13037
13353
13354
13355
13357
13356
13481
13480
13538
13591
13479
13478
13352
13537
13477
13589
13476
13475
13350
13349
13474
13472
13473
13536
13588
13612
13659
13658
13587
13660
13661
13662
13663
13664
13590
13665
14042
14043
14044
14045
14046
14047
14049
14050
14051
14052
14053
14054
14055
14056
14057
14059
14060
14061
13666
13667
13736
13738
13737
13739
14062
14063
14064
14066
14067
14068
14069
14070
14071
14073
14074
14075
14076
14077
14079
14081
14082
14083
14084
14085
14080
13742
13669
13741
13740
13668
13592
13539
13482
13359
13358
13360
13361
13362
13593
13540
13483
13363
13364
13594
13484
13368
13366
13367
13744
13743
13670
13595
13541
13485
13486
13488
13489
13490
13596
13671
13672
13597
13673
13598
13674
13675
13745
14089
14087
14091
14088
14090
14094
14092
14095
14096
14097
14098
14099
14100
14101
14102
14103
14105
14106
14107
14108
14109
14110
14112
14113
14111
13746
13676
13811
13677
13747
13812
13379
13380
13378
13377
13376
13054
13122
13053
13424
13375
13374
13373
13372
13371
13369
13370
13175
13120
13119
13121
13052
12920
12723
12722
12724
12725
12726
12727
12728
12729
12538
12415
12730
12731
12732
12733
12465
12416
12295
12361
12466
12417
12181
12183
12182
12180
12184
12185
12187
12188
12229
12189
12190
12191
12192
12193
12317
12296
12419
12540
12541
12469
12420
12747
12746
12745
12744
12742
12741
12740
12739
12737
12468
12418
12539
12734
12735
12736
12877
12921
13055
13123
13177
13176
13382
13383
13384
13386
13387
13388
13056
13124
13057
13395
13394
13393
13392
13391
13425
13390
13389
13600
13509
13678
13679
13748
13749
14115
14114
14116
14117
14118
14119
14120
14121
14122
14123
14124
14125
14126
14127
14128
14129
14130
14131
14132
14133
14134
14135
14136
14137
14138
14139
14140
14141
14142
14143
14144
14145
14146
13814
13681
13680
13750
13815
14147
14148
14149
14150
14151
14152
14153
14154
14155
14156
14158
14157
14159
14160
14161
14162
14163
14164
14165
14166
14167
14168
14169
14170
14171
14172
14173
14175
14176
14177
14178
14179
14180
14182
14181
13683
13601
13542
13682
13511
13397
13396
13497
13491
13492
13684
13685
13512
13543
13513
13544
13493
13494
13515
13603
13686
14183
14184
14185
14186
14187
14188
14189
14191
14192
14193
14194
14195
14196
14197
14198
14199
14200
14201
14202
14203
14204
14205
13605
13613
13496
13546
13606
13687
13693
14206
14208
14209
14210
14211
14212
14213
14214
14215
14216
14217
14218
14219
14220
14221
14222
14223
14224
14225
14228
14227
13817
13688
13753
13751
13752
13404
13406
13405
13407
13070
13068
13069
12856
12857
12859
12982
12924
12855
12766
12854
12853
12852
12981
13067
13066
12980
13065
13403
13495
13402
13692
13604
13545
13401
13399
13063
13062
13064
12922
12881
12882
12883
12923
12979
12884
12850
12762
12851
12765
12764
12423
12424
12432
12366
12321
12367
12322
12425
12368
12277
12014
11958
11881
12215
12013
12214
12276
12275
12365
12212
12211
12320
12364
12471
12210
12209
12319
12363
12543
12761
12760
12759
13127
13182
13181
13061
13126
13059
12757
12756
12778
12755
12754
12753
12752
13058
13125
12978
13179
12879
12751
12750
12749
12748
12421
12470
12422
12542
12431
12362
12318
12297
12207
12208
12010
12011
11956
11877
11955
11639
11638
11637
11636
11876
12206
12205
12204
12203
12202
12200
12201
12008
11954
11875
11635
11346
11634
11633
11631
11630
11768
11629
11628
11626
11627
11345
11287
11286
11285
11284
11227
11184
11228
11138
11137
11136
11045
11044
11043
11040
11042
10808
10856
10720
10721
10809
11046
11047
11048
11049
11050
11051
11052
11088
11053
11054
11055
11288
11406
11289
11056
11058
11059
11062
11061
11060
11162
11229
11408
11347
11291
11292
11348
11349
11746
11769
11640
11641
11642
11643
11644
11645
11646
11647
11878
11880
11879
11957
11648
11650
11651
11652
11409
11293
11294
11350
11410
11654
11748
11813
11722
11655
11656
11295
11297
11296
11236
11230
11164
11185
11140
11074
11073
10862
10501
10664
10812
10861
11072
11071
11068
11070
11067
11089
11065
11066
11063
11064
10726
10811
10725
10494
10495
10493
10496
10097
10205
10250
10498
10592
10499
10251
10098
9970
9877
9878
10042
10043
9947
9948
9949
9510
9511
9509
9449
9322
9323
9321
9266
9265
9448
9320
9447
9508
9454
9513
9446
9394
9319
9263
9317
9316
9874
9875
9444
9445
9365
9507
9566
9873
9872
9870
9906
9869
9868
9606
9867
9866
9865
9863
9864
9945
10039
10093
10051
9968
10094
10095
10203
10204
10249
10096
10492
10491
10490
10489
10487
10486
10485
10560
10561
10620
10724
10859
10810
10723
10672
10858
10662
10589
10484
10722
10483
10482
10481
10480
10201
10092
10248
10091
10247
10479
10477
10476
10475
10471
10474
10473
10197
10090
10198
10037
9846
9848
9849
9850
9851
9852
9854
9562
9502
9905
9855
9856
9604
9857
9859
9860
9504
9563
9862
9564
9505
9605
9506
9565
9257
9258
9259
9260
9262
8903
8828
8829
8769
8611
8610
8609
8696
8840
8768
8827
8900
8899
8901
8826
8767
8694
8608
8606
8605
8693
8692
8691
8604
8603
8690
8601
8602
8689
8688
8765
8824
8898
8897
8896
8764
8823
8895
8894
8893
9282
9255
9254
9256
9252
9253
9251
9250
9248
9249
9363
9442
9247
8892
8891
8890
8822
8763
8684
8685
8686
8599
8598
8683
8597
8682
8821
8762
8681
8680
8679
8820
8761
8678
8677
8594
8595
8596
8208
8207
8205
8206
8027
8099
8209
8210
8313
8212
8102
8029
7765
7896
7895
8101
8100
8028
7893
7764
7892
7891
7763
7890
7762
7889
7760
7759
7888
7887
8026
8351
8098
8204
7758
8312
8203
8202
8350
8096
7975
7885
7754
7886
7756
7464
7515
7262
7263
7337
7265
7195
7264
7138
7137
7136
7024
7022
6732
6624
6580
6579
6578
6731
6577
6481
6480
6479
6367
6365
6087
5977
5978
5979
5925
5924
5926
5947
5857
5858
5859
5860
5863
5862
5861
6088
6142
5999
6089
6000
6370
6372
6371
6373
6374
6375
6376
6428
6377
6379
6380
6378
6733
6625
6626
6786
7026
7139
7140
7027
7028
7141
7143
7142
7196
7266
7338
7339
7341
7340
7267
7268
7197
7144
7029
7145
7146
7030
6787
6734
7031
6735
6627
6736
6581
6628
6737
7033
7032
7147
7272
7200
7199
7270
7269
7198
7342
7343
7344
7357
7768
7767
7766
7897
7898
7899
7769
7770
7901
7900
8031
8104
8103
8214
8213
8030
8215
8216
8217
8220
8218
8221
8219
8106
8032
7902
7903
7904
7905
7771
7772
7358
7345
7359
7346
7775
7774
7908
7907
7906
8034
8108
8223
8222
8224
8225
8109
8035
8227
8226
8110
7910
7909
7776
7777
7911
7778
7780
7347
7348
7349
7350
7277
7204
7351
7205
7278
7352
7360
7361
7782
7781
7913
7914
7915
7784
7916
7917
7785
7786
7787
7788
7789
7790
7923
7922
7921
7920
7919
8039
8114
7918
8038
8113
8036
8111
8228
8229
8230
8231
8232
8234
8235
8233
8612
8614
8771
8831
8911
8832
8772
8912
8833
8699
8707
8712
8706
8700
8636
8635
8615
8358
8357
8356
8355
8354
8353
8352
8314
8242
8240
8126
8239
8238
8237
8236
8123
8124
8125
8115
8040
7945
7979
7925
7931
7932
7926
7812
7811
7792
7524
7523
7522
7466
7353
7354
7519
7516
7520
7521
7467
7362
7355
7289
7288
7287
7282
7209
7171
7163
7160
7159
7158
7078
7076
7047
6794
6792
6793
7046
6635
6634
6632
6584
6585
6592
6633
7045
7044
7157
7156
7281
7208
7280
7207
7206
7279
7043
7042
6636
6789
7041
7155
7154
7040
7153
7152
7151
7039
7038
7150
7203
7275
7274
7202
7201
7273
7149
7148
7036
7035
7037
6788
6739
6629
6630
6740
6396
6397
6005
6398
6507
6583
6631
6530
6399
6146
6006
6007
6008
6482
6483
6485
6484
6009
5983
5986
5982
5981
5949
5942
5928
5929
5930
5883
5882
5881
5684
5877
5880
5879
5878
5644
5551
5186
5183
5184
5185
5187
5188
5190
5218
5191
5192
5193
4877
4777
4778
5194
5195
5552
5646
5685
5931
5932
5884
5886
5553
5554
5555
5481
5358
5303
5301
5300
5299
5298
5196
4912
4779
4698
4704
4594
4553
4458
3785
3783
3684
3784
4005
4004
4199
4003
4457
4456
4455
4454
4453
4153
4002
4152
4452
4450
4449
4448
4447
4446
4551
4552
4639
4697
4593
4638
4776
4875
4775
4911
4774
4773
4910
5182
5181
4772
5179
5180
5357
5408
5478
5550
5643
5479
5559
5549
5642
5683
5870
5869
5871
5872
5873
5876
5874
5875
5948
6003
6091
6092
6004
6395
6394
6393
6429
6392
6391
6390
6389
6387
6386
6385
6384
6506
6382
6383
6145
6090
6002
5980
6144
6381
5941
6001
5868
5927
5867
5866
5864
5865
5640
5641
5547
5548
5682
5217
5177
5178
5176
4873
4770
4769
5175
5174
5173
5171
5476
5546
5297
5168
5169
5170
4909
4872
4637
4636
4696
4430
4548
4547
4546
4695
4694
4693
4635
4768
4767
4766
5165
5164
5295
5296
5475
5474
5638
5558
5545
5473
5407
5294
5486
5472
5406
5163
5471
5405
5162
5160
4907
4634
4692
4870
4765
4764
4763
4633
4691
4545
4424
4423
4422
4421
4544
4543
4542
4690
4689
4541
4419
4540
4418
4539
4415
4416
4538
4537
4632
4688
4687
4867
4868
4758
4759
4760
4761
4762
5153
5285
5284
5154
5286
5287
5155
5288
5156
5289
5290
5157
5291
5292
5159
5293
5403
5469
5404
5470
5544
5556
5557
5854
5856
5853
5852
5851
5850
5909
5849
5848
5976
5940
5543
5542
5541
5540
5539
5402
5468
5538
5537
5536
5467
5401
5535
5485
5466
5636
5843
5842
5844
5845
6139
6010
6083
6351
6350
6348
6347
6426
6352
6353
6356
6354
6357
6084
6140
6085
6141
6086
6358
6359
6427
6360
6361
6363
6362
6364
6576
6726
6783
6727
6728
6729
6784
7021
7019
7018
7017
7016
7015
7075
7014
7013
7012
7260
7463
7261
7513
7461
7460
7459
7512
7752
7753
7751
7750
8201
8200
8311
7748
7747
7746
7744
7743
7741
7742
8024
8095
7883
7882
7881
7740
7880
7879
7878
7877
7734
7736
7737
7739
7454
7510
7455
7458
7457
7511
7006
7007
7011
7010
7009
6725
6723
6722
6782
6781
6721
6719
6720
7074
7005
7004
7002
7000
7001
6999
7259
7453
7452
7507
7451
7508
7450
7073
6998
6997
6717
6718
6779
6778
6716
6715
6996
6995
7258
6994
6714
6777
6713
6712
6993
6992
6991
6990
6989
7071
6987
6986
6776
6711
6623
6575
6622
6591
6574
6477
6328
6326
6478
5998
5974
5836
5835
5922
5674
5626
5533
5675
5627
5534
5676
5923
5975
6330
6329
6423
6332
6333
6334
6336
6335
6082
6135
6337
6338
6339
6340
6425
6341
6342
6343
6344
6346
6345
6137
6136
5908
5841
5840
5839
5838
5837
5677
5628
5629
5631
5632
5633
5678
5634
5679
5635
5152
5151
5150
5149
5148
5147
5215
5145
5144
4866
4865
4905
4904
4864
4757
5143
5142
5140
5139
5138
5137
5136
5214
5135
5134
5356
5133
5131
5132
4903
4858
4859
4861
4862
4863
4750
4751
4752
4755
4754
4753
4630
4685
4684
4629
4395
4592
4394
4393
4192
4397
4398
4399
4401
4529
4530
4402
4531
4532
4403
4404
4533
4405
4534
4756
4631
4686
4535
4536
4406
4407
4408
4409
4476
4410
4414
4411
4413
4412
4035
4034
3983
3902
3843
3984
3903
3844
3796
3985
3904
4036
4037
4038
3986
3905
3845
3797
3987
3906
3846
3769
3770
3628
3627
3626
3625
3623
3622
3768
3621
3767
3620
3619
3618
3617
3766
3616
3765
3795
3901
3982
3842
3900
3841
3794
3981
3764
3612
3610
3611
3608
3609
3762
3613
3614
3615
3239
3173
3171
3006
3080
2943
2897
2726
2725
2729
2728
2727
2898
2899
3008
3174
3082
2730
2900
3175
3083
3009
2731
2733
2734
2901
3010
2902
2735
2736
2737
2738
2903
3011
3176
3084
3177
3085
3086
3178
3240
3179
3087
3012
2906
2905
2739
2740
2742
2743
2907
2908
3205
3241
3180
3088
3013
2909
2744
2745
2746
2747
2910
2911
3090
3089
3181
3182
3242
3243
3319
3320
3321
3322
3643
3775
3644
3642
3641
3639
3638
3637
3774
3636
3635
3773
3634
3632
3631
3772
3630
3771
3847
3908
3989
3988
3907
4133
4039
3848
3909
3990
3991
3910
4040
4136
4137
4138
4140
4041
3992
3911
3849
3798
3993
3912
3850
3994
3851
3913
3776
3777
3648
3647
3646
3645
3248
3247
3246
3244
3187
3095
3017
2947
3094
3186
3093
3185
3184
3092
2944
3014
3015
2945
3016
2946
2756
2757
2758
2759
2760
2761
2762
2763
2765
2766
2767
2768
2914
2913
2948
3018
3096
3188
2950
3020
3098
3190
3249
3250
3191
3099
3021
3192
3100
3022
2915
2769
2771
2916
2772
2917
2774
2775
2829
2776
2777
2778
2779
2486
2458
2781
2780
3206
3323
3251
3655
3779
3654
3652
3651
3650
3649
3778
3852
3914
3995
3997
4425
4427
3998
3916
3854
4009
4042
4141
3780
3657
3656
3706
3658
3659
3372
3324
3325
3373
3661
3662
3663
3664
3999
4143
4142
4193
4194
4144
4431
4432
4433
4434
4435
4436
4195
4145
4437
4438
4440
4439
4196
4147
4146
4148
4441
4443
4550
4444
4445
4151
4198
4150
4197
4149
4001
3708
3676
3677
3678
3682
3681
3679
3333
3332
3377
3376
3675
3674
3673
3671
3669
3670
3329
3375
3668
3667
3707
3666
3665
3328
3374
3327
3326
3193
2783
2782
2830
2784
2487
2785
2786
2787
2488
2788
2789
3330
3194
3331
2791
2790
2460
2459
2489
2793
2792
2831
2795
2794
2796
2798
3196
3334
3335
3683
3378
3336
3337
3379
3338
3197
3198
2921
2920
2807
2464
2341
2391
2334
2491
2463
2490
2462
2806
2805
2804
2802
2801
2799
2832
2800
2461
2172
2333
1971
1972
1993
1973
1974
1977
1976
1975
1723
1685
1722
1684
1683
1520
1682
1721
1681
1680
1720
1966
1969
1968
1967
1679
1678
1518
1154
1153
1190
1155
1156
1157
1159
1158
1160
1162
1163
1191
1164
1165
1167
1168
1169
1170
1522
1523
1686
1978
2075
1580
1533
1280
1279
867
826
752
751
750
749
440
687
463
54
330
329
53
328
439
438
437
436
686
594
326
327
52
51
323
50
593
685
434
433
684
682
49
321
48
320
319
317
318
824
865
823
825
866
1149
1150
1151
1148
1147
1146
1189
1145
1144
822
821
680
47
316
346
315
314
46
313
310
311
309
45
308
307
345
305
44
304
431
430
302
43
303
429
695
746
745
679
590
428
300
301
427
298
297
426
677
589
520
425
424
296
423
295
42
422
293
421
294
586
674
519
587
675
588
676
738
739
740
741
742
743
744
1132
1133
1134
1274
1275
1137
1136
818
819
863
820
864
1188
1138
1139
1140
1141
1142
1143
1517
1674
1675
1718
1676
1719
1677
1992
1965
1964
1963
1961
1960
1717
1673
1672
1716
1671
1576
1575
1516
1425
1273
1351
1424
1515
1423
1514
1350
1271
1130
1129
1272
1128
1270
1269
1268
1126
1124
1125
1267
1419
1510
1348
1420
1511
1513
1422
1571
1572
1574
1573
1949
2067
1948
1950
2068
1951
1953
1954
1955
1956
1957
1958
2330
2331
2070
2069
2243
2329
2171
2170
2242
2328
2169
2241
2327
2168
2240
2326
2456
2457
2455
2754
2755
2753
2752
2751
2750
2749
2454
2453
2452
2451
2450
2388
2387
2324
2238
2237
2166
2099
2323
2322
2386
2448
2449
2446
2447
2385
2321
2235
2236
2165
2098
2164
2063
1927
1928
1930
1931
1932
1933
1934
2064
1935
1936
1937
1938
2065
1939
1940
1942
1943
1944
1945
1947
1946
1418
1347
1509
1508
1570
1569
1507
1346
1417
1416
1345
1294
1293
1415
1344
1506
1414
1505
1343
1413
1504
1342
1341
1412
1503
1261
1108
1106
1107
1105
1109
1262
1110
1112
1113
1263
1114
1115
1116
1117
1118
1119
1265
1121
1122
1123
1266
817
816
815
814
673
585
517
290
291
419
736
516
584
672
515
460
418
286
288
289
40
285
284
283
282
281
280
279
278
417
39
277
276
273
274
582
671
811
813
812
810
735
862
809
734
733
669
581
458
513
512
580
668
511
457
414
272
415
271
270
269
268
267
38
266
413
265
263
261
262
411
667
510
579
666
578
508
410
260
409
259
37
408
257
256
407
255
406
254
253
252
251
36
249
405
404
728
729
808
660
456
504
573
662
505
506
575
730
663
576
664
665
507
577
731
1090
1091
1092
1093
1094
1095
1259
1096
1097
1098
1099
1100
1101
1103
1102
1104
1260
1410
1501
1670
1568
1665
1664
1663
1662
1666
1667
1668
1669
1715
1920
1921
1922
1923
1924
2062
1925
1926
2162
2318
2319
2233
2445
2444
2443
2442
2383
2232
2317
2441
2440
2439
2382
2438
2437
2436
2435
2381
2315
2230
2097
2161
2060
1919
1917
1916
1915
1914
1913
1912
1911
1909
1908
1658
1659
1660
1661
1567
1409
1500
1565
1499
1498
1407
1408
1339
1257
1258
1089
1088
1255
1087
1086
1085
861
1497
1254
1338
1406
1253
1337
1252
1496
1532
1251
1336
1405
1562
1563
1564
1899
2053
2055
2054
1901
1902
1903
1904
2056
2057
1905
1907
1906
2058
2160
2096
2314
2229
2159
2313
2379
2380
2434
2433
2431
2432
2312
2311
2430
2310
2723
2724
2896
2895
2893
2721
2892
3167
3168
3004
3078
3169
3005
3170
3079
3602
3603
3604
3606
3607
3761
3760
3839
3899
3840
3980
3978
3897
3838
3896
3977
3758
3757
3976
4031
4032
3974
3975
4008
3756
3371
3166
3318
3601
3600
3599
3598
3597
3705
3596
3370
3317
3316
3369
2714
2716
2717
2718
2719
2485
2429
2428
2427
2484
2426
2713
2828
2712
2711
2710
3164
3315
3314
3313
3368
3589
3590
3591
3592
3594
3595
3972
4127
4126
4189
4527
4528
4628
4382
4384
4383
4385
4128
4190
4129
4130
4191
4131
4392
4390
4391
4389
4388
4387
4386
4748
4747
4857
4749
5129
5130
5128
5532
5625
5213
5127
5126
5125
5124
5123
5122
5121
5120
5283
5282
5119
5281
5118
4902
4856
5117
5280
5279
5115
5116
5278
5277
5276
5355
5112
5523
5460
5398
5461
5525
5524
5526
5462
5399
5527
5528
5400
5463
5464
5529
5530
5531
5624
5828
5825
5907
5827
5829
5830
5831
5832
5833
5834
5972
5985
5997
5973
6081
6134
6080
6079
6078
6133
6325
6476
6475
6504
6527
6503
6528
6505
6529
6573
6621
6620
6977
7125
6976
7123
6975
7124
6709
6619
6618
6572
6617
6616
6615
6614
6613
6612
6570
6526
6472
6473
6474
6324
6322
6323
6471
6470
6469
6468
6467
6318
6317
6319
6320
6321
6132
5971
6077
6075
6074
6131
6073
6072
5970
5820
5821
5822
5823
5819
5906
5817
5818
5673
5816
5815
5813
5814
5812
5811
5522
5621
5672
5521
5620
5809
5905
5810
5808
5619
5520
5519
5484
5459
5275
5100
5101
5102
4741
4742
4743
4900
4853
4744
5103
5106
5105
5104
5212
5109
5107
5108
4745
4854
5110
5111
4746
4901
4591
4681
4682
4526
4381
4188
4124
4123
3971
4122
4380
4377
4379
4376
4187
4121
4120
4186
4375
4374
4373
4118
4119
4117
4372
4371
4370
4369
4368
4367
4525
4524
4626
4627
4680
4522
4523
4114
4184
4115
4116
4185
3703
3577
3578
3576
3575
3574
3573
3571
3570
3569
3568
3567
3702
3564
3565
3305
3306
3364
3304
3303
3363
3302
3235
3204
2889
2682
2683
2825
2685
2686
2687
2688
2689
2423
2480
2690
2691
2692
2693
2826
2696
2695
3308
3365
3307
3309
3366
3581
3579
3580
3582
3585
3587
3586
3584
3704
3367
3312
3311
3310
3076
2699
2698
2697
2482
2481
2700
2702
2703
2827
2704
2705
2708
2706
2709
2483
2425
2424
1885
1886
1887
1888
1650
1711
1651
1652
1712
1653
1493
1654
1713
1655
1891
1890
2308
2157
1991
1893
1894
1895
1896
1897
1898
1714
1656
1657
1494
1081
1080
1079
1078
1076
1075
1187
1073
1074
727
694
659
572
35
247
402
401
657
658
34
245
244
243
242
240
239
237
238
33
344
806
860
807
805
859
1072
1070
1068
1069
1067
1066
1065
1186
1064
804
655
803
858
802
801
1063
1061
1060
1059
1491
1648
1710
1649
1883
1882
1881
1990
1647
1709
1880
1879
1646
1489
1645
1185
1058
1057
1055
1056
799
857
800
654
32
234
235
231
232
236
233
343
230
229
227
31
226
225
224
223
222
342
221
220
219
400
218
29
217
216
215
397
398
399
500
570
653
569
652
724
725
1045
1248
1247
1044
1047
1048
1184
796
854
797
798
855
1054
1053
1052
1051
1049
1050
1644
1708
1643
1707
1642
1560
1559
1401
1333
1488
1487
1400
1399
1332
1486
1246
1244
1243
1039
1040
1041
1042
1043
722
723
650
567
568
651
499
396
214
395
213
212
28
394
211
210
209
393
566
649
498
497
565
721
648
564
647
496
453
392
208
207
206
205
204
27
203
202
201
198
25
26
199
390
452
495
563
561
494
643
646
794
793
795
719
1026
1025
1024
1023
1235
1324
1390
1477
1325
1391
1478
1236
1326
1479
1392
1237
1027
1028
1029
1030
1031
1032
1033
1238
1034
1035
1240
1036
1239
1291
1328
1327
1290
1393
1480
1555
1481
1394
1330
1396
1483
1556
1484
1397
1037
1241
1242
1331
1398
1485
1557
1558
1869
2045
2046
1870
1871
1873
1874
2047
1875
1876
2048
2154
2306
2305
2225
2153
2304
2224
2151
2223
2302
2376
2375
2374
2340
2222
2301
2150
2094
2043
1866
1865
1864
1867
1863
2042
1862
2093
2149
2221
2300
2373
2371
2372
2299
2148
2220
2298
2219
2147
2092
1859
1861
1860
1858
1857
1856
2041
2091
2218
2146
2297
2217
2296
2145
2090
2040
1855
1853
1852
1851
1850
1849
2039
2293
2143
2215
2089
2142
2214
2292
2370
2419
2420
2421
2422
1848
1847
1846
1845
2038
1844
1843
1842
1840
1839
2037
1838
1837
2036
1836
1835
1834
1640
1639
1637
1638
1554
1553
1473
1386
1474
1387
1322
1388
1475
1389
1476
1323
1232
1233
1234
1021
1022
1020
1019
1018
1016
1015
1014
1013
1231
1012
1011
1010
1230
1006
1005
1007
1008
792
642
197
24
560
641
791
790
789
788
786
787
717
716
640
639
558
451
493
559
196
191
193
194
195
190
189
188
388
186
187
23
185
184
183
182
179
181
180
387
492
557
638
491
450
386
385
22
178
384
637
636
847
715
850
785
998
1000
1001
1002
1004
1228
1227
1320
1469
1382
1470
1383
1229
1321
1472
1385
1384
1471
1551
1552
1632
1636
1635
1633
1825
1826
1827
1828
2030
2031
2206
2284
2365
2285
2207
2138
2032
2033
1831
1830
1833
1832
2034
2139
2209
2208
2366
2286
2287
2088
2140
2210
2288
2211
2289
2368
2367
2290
2212
2141
2369
2213
2291
2418
2417
2416
2415
2651
2652
2650
2646
2647
2649
2874
2875
3061
3149
3227
3228
3150
3062
2988
2876
3203
3229
2989
3064
3151
2877
2878
2653
2654
2656
2657
2879
3152
3065
2990
3153
3231
3066
2880
2659
2658
2660
2661
2663
2664
2938
3155
3067
2992
2939
3156
3068
2993
2882
2666
2665
2667
2668
2669
2670
2883
2671
2672
2673
2884
2674
2675
2676
2885
2677
2679
2681
2680
2887
2999
3162
3074
2886
2998
3073
3161
3072
3160
2997
2995
3070
3158
3069
2994
2940
3157
3234
3233
3232
3298
3299
3300
3301
3535
3536
3537
3538
3539
3540
3541
3542
3544
3545
3546
3547
3749
3827
3960
3886
3828
3790
3961
3887
3791
3829
3962
3888
4027
4028
3963
3889
3830
3548
3549
3550
3750
3552
3551
3553
3554
3555
3556
3751
3792
3964
3890
3831
3965
4029
3891
3832
3833
3966
3892
3752
3557
3559
3560
3753
3561
3563
3562
3969
3893
3968
3835
4363
4364
4366
4521
4679
4852
4702
4740
4703
4739
5095
5272
5271
5097
5098
5274
5273
5317
5354
5517
5518
5806
5805
5807
5804
5803
5904
5801
5939
5968
5802
5516
5515
5397
5458
5457
5617
5670
5616
5669
5615
5614
5211
5086
5087
5088
5089
5091
5090
5092
5093
4899
4851
4850
4897
4849
4847
4678
4474
4362
4360
4361
4358
4357
4355
4354
4353
4352
4351
4350
4111
4112
4113
4110
4106
4107
4108
4109
4473
4349
4348
4677
4347
4346
4344
4343
4342
4472
4338
4341
4340
3958
3884
3826
4026
3959
3885
3747
3534
3532
3533
3746
3529
3530
3745
3825
3957
3883
4025
3956
3744
3528
3527
3526
3525
3824
3882
3789
3743
3524
3522
3521
3520
3523
3822
3880
3954
3879
3953
4024
4102
4103
4105
4104
4101
4100
4098
4099
4337
4336
4334
4335
4333
4332
4470
4331
4330
4183
4520
4519
4329
4562
4834
4833
4736
4735
4625
4590
4588
4589
4517
4624
4675
4518
4327
4022
4181
4182
4023
4097
3951
3821
3878
3739
3738
3511
3510
3512
3952
3513
3741
3515
3516
3517
3519
3518
3742
3145
3058
2984
2985
3146
3226
3059
2935
3060
3147
2986
2936
2644
2645
2643
2873
2642
2641
2640
2872
3057
3144
2983
2639
2637
2871
2982
3143
3056
3224
3225
3055
3142
3202
2981
2934
2870
2869
2636
2635
2634
2633
2632
2363
2364
2281
2283
2205
2137
2135
2203
2134
2087
2029
1824
1823
1822
2028
2362
2280
2339
2027
1706
1820
1629
1468
1819
1818
1817
1815
1814
1989
1812
1813
2132
2279
2411
2478
2412
2414
2479
2413
2824
2622
2623
2624
2625
2626
2627
2628
2629
2630
2867
3054
3141
2980
3297
3296
3362
3295
3294
3293
3361
3736
3950
3737
4007
3735
3948
3947
4096
4325
4324
4322
4323
4321
4320
4318
4469
4319
4180
4095
4094
4179
4093
3946
3501
3500
3502
3701
3508
3507
3506
3503
3505
3292
3139
3360
3291
3290
3359
2618
2619
2621
2617
2616
2615
2823
2613
2612
2611
2410
2477
2409
2610
2609
2608
2476
2475
2607
2606
2605
2603
2822
3285
3286
3358
3287
3289
3288
3499
3498
3497
3495
3494
3493
3700
3492
3491
3357
3284
3283
3282
3490
3489
3488
3487
3486
3485
3699
3482
3483
3943
3355
3279
3280
3356
3281
2821
2592
2593
2595
2596
2597
2598
2599
2600
2601
2602
2474
2408
1802
1801
1700
1613
1614
1615
1701
1465
1616
1803
1804
1988
1805
1617
1702
1807
1808
1810
1809
1703
1620
1619
978
977
1182
980
981
983
984
982
986
1466
1623
1622
1704
1625
1705
1628
1626
1183
987
988
990
991
992
993
1467
997
996
994
635
784
783
845
782
844
781
21
177
176
175
174
173
172
341
171
170
20
633
169
166
167
168
165
780
843
779
778
842
777
164
340
161
162
19
631
160
159
17
158
157
155
154
339
152
153
776
976
975
974
973
972
971
775
841
774
840
773
970
1181
969
967
1464
1612
1699
1611
1798
1799
1698
1610
1180
960
1225
1224
961
962
963
965
964
966
769
838
770
839
771
630
772
151
147
148
150
16
146
145
338
144
143
15
380
14
142
141
379
712
692
628
553
488
552
487
627
378
140
139
377
138
136
137
13
710
711
626
551
486
449
376
135
134
133
132
12
131
375
550
625
448
485
549
624
484
373
623
548
483
447
129
130
128
126
127
372
371
125
124
123
122
11
121
119
120
118
370
480
620
545
621
546
481
446
482
547
622
707
708
935
936
934
933
932
931
930
929
926
925
927
928
1215
1216
1217
1218
1288
1313
1454
1312
1373
1455
1546
1374
1314
1315
1375
1456
1376
1316
1457
1317
1377
1458
1547
1459
1378
1318
1289
1220
937
939
940
1219
941
942
1221
944
945
1222
947
946
948
949
950
952
953
954
955
959
957
956
1223
1379
1460
1548
1601
1600
1599
1602
1604
1605
1606
1607
1461
1380
1319
1462
1530
1549
1609
1795
1796
2023
2024
2129
2360
2276
2359
2275
2200
2199
2128
2021
2127
2198
2274
2126
2020
1793
1794
1792
1790
2019
2125
2273
2197
2124
2196
2272
2358
2195
2271
2123
2085
2017
2018
1789
1788
1787
1786
1785
2016
1784
2014
1783
2015
2122
2194
2192
2270
2268
2356
2357
2567
2568
2859
2570
2571
2572
2573
2574
2575
2576
2861
2931
2970
2971
3047
3132
3274
3221
3222
3133
3048
2972
2932
2973
3049
3134
2975
3135
3050
2974
2862
2577
2578
2579
2580
2863
2581
2864
2582
2583
2584
2820
2585
2586
2591
2590
2588
2589
3137
3278
3481
3479
3477
3478
3354
3277
3276
3353
3275
3476
3475
3698
3474
3473
3472
3470
3732
3941
4020
4006
3940
3874
3816
3731
3469
3468
3467
3466
3730
3815
3873
3939
3938
3872
3814
3729
3465
3463
3462
3461
3728
3871
3937
3813
3812
3870
3936
3935
3869
3811
3725
3726
3460
3459
3458
3457
3455
3724
3454
3451
3452
3453
3218
3129
2967
3044
3045
3130
3220
3272
3271
3273
3131
3046
2968
2858
2857
2566
2565
2563
2562
2561
2559
2560
2856
2855
2854
2930
2966
3043
3128
3216
3217
3127
3041
3215
3126
2965
3040
3039
2928
2963
3124
3214
3123
3038
2961
2927
3037
3122
2962
2852
2549
2548
2550
2551
2552
2553
2555
2853
2556
2558
2557
2351
2352
2353
2354
2265
2189
2266
2118
2084
2190
2355
2119
2267
2191
2120
2013
1782
1781
1780
1779
2012
2011
1778
2009
2008
1775
1776
1774
2007
2006
2116
2264
2188
2263
2187
2083
2115
2186
2262
2350
2473
2407
2348
2114
2184
2261
2082
2113
2005
1765
1766
1764
1767
1768
1769
1771
1770
1772
1545
1453
1311
1372
1287
1452
1371
1310
924
1214
1213
923
922
1212
1309
1370
1451
1544
1369
1450
1308
1286
1211
917
918
919
920
921
704
705
833
768
706
618
543
479
477
445
369
114
116
115
117
368
617
542
616
541
476
444
367
10
112
113
111
110
109
366
475
540
615
703
614
539
365
108
107
104
105
103
9
102
364
101
363
100
361
8
7
98
359
360
611
610
612
537
474
538
613
702
908
1205
909
767
766
765
764
910
911
1206
912
913
1207
914
915
1209
1306
1210
916
1307
1368
1449
1543
1367
1448
1447
1366
1305
1365
1446
1304
1444
1285
1303
1364
1445
1541
1753
1752
1755
1754
1751
1750
1749
1747
2001
2000
1999
1998
2104
1996
2105
2344
2176
2343
2345
2177
2178
2254
2106
2107
2255
2179
2346
2403
2406
2405
2404
2256
2080
2108
2180
2257
2181
2109
2002
1757
1756
1758
1763
1762
1761
1759
2003
2004
2112
2183
2260
2110
2182
2258
2347
2542
2544
2545
2546
2547
2851
2850
2960
3036
3034
3035
2959
3119
3120
2849
2847
2541
2540
2539
2846
2538
2537
2535
2534
2845
2533
2844
2532
2843
2531
2530
2842
2529
2841
2528
2839
2838
3110
3352
3111
2840
2953
3027
3113
3029
3114
3208
3115
3030
2954
2925
2955
3116
3031
3032
2957
2956
2926
3033
3118
3117
3212
3211
3210
3427
3426
3425
3428
3429
3720
3431
3432
3433
3434
3435
3436
3437
3439
3213
3121
3270
3440
3441
3442
3443
3444
3445
3446
3447
3448
3449
3450
3723
3722
3808
3866
3931
3865
3932
4019
4076
4077
4078
4079
4080
3868
3934
3810
4172
4273
4274
4275
4276
4277
4507
4279
4278
4281
4282
4284
4283
4508
4586
4666
4665
4620
4701
4561
4560
4585
4619
4727
4664
4506
4584
4618
4663
4726
4617
4662
4559
4583
4582
4616
4661
4505
4272
4271
4270
4269
4268
4267
4266
4265
4264
4504
4075
4073
4074
4072
4071
4070
4069
4068
4067
4017
4064
4066
4065
4263
4503
4262
4502
4501
4261
4500
4658
4577
4612
4700
4558
4578
4613
4579
4614
4580
4660
4581
4615
4725
4724
4723
4972
4971
5253
5254
4973
4974
4975
5255
5311
5339
5437
5504
5384
5505
5438
5385
5439
5340
5312
4976
4977
4979
4981
4978
4980
5256
5562
5563
5564
5565
5735
5736
5737
5897
5739
5740
5741
5742
5743
5568
5567
5566
5569
5506
5440
5386
5341
5313
5342
5257
4984
4983
4982
4813
4881
4986
4987
4989
4988
5343
5387
5441
5258
4991
4992
5344
5259
4994
4993
4995
4996
4997
4998
4999
5000
5001
5002
5261
5392
5391
5445
5348
5347
5260
5315
5390
5346
5345
5314
5389
5442
5443
5388
5444
5508
5507
5745
5957
5746
5748
5898
5749
5750
5752
5751
5753
5754
5946
6043
6042
6040
6109
6041
6110
6208
6207
6460
6459
6410
6209
6210
6211
6212
6213
6214
6555
6658
6659
6750
6868
6867
7059
6869
6870
6872
6873
6874
6871
6660
6661
6751
6662
6556
6222
6221
6220
6219
6218
6217
6411
6216
6215
6048
6047
6112
6046
6045
6111
6044
5761
5958
5763
5762
5760
5759
5758
5757
5756
5755
5899
5653
5580
5579
5578
5577
5576
5575
5574
5572
5509
5571
5446
5393
5447
5349
5262
5003
5004
5006
5007
5008
5263
5009
5010
5011
4815
4814
5012
5014
5015
5016
5017
5394
5448
5449
5350
5264
5018
5019
5022
5021
4882
4816
4729
4728
4668
4622
4667
4621
4587
4509
4286
4285
4288
4289
4290
4510
4511
4291
4292
4293
4466
4294
4295
4081
4173
4174
4082
4083
4084
4296
4297
4298
4299
4670
4623
4671
4731
4732
4819
4817
5023
5024
4818
4883
5203
5025
5026
5027
5028
5029
5030
5654
5655
5583
5582
5581
5450
5584
5585
5656
5586
5657
5587
5035
5037
5036
5034
5033
5204
5032
5031
4822
4885
4884
4821
4820
4467
4303
4514
4300
4302
4301
4513
4085
4175
4086
4087
4304
4305
4176
4306
4307
4308
4309
4088
3944
4089
4177
4090
4091
4178
4092
4316
4674
4317
4314
4315
4313
4312
4468
4311
4310
4825
4823
4673
4824
4886
5038
5451
5040
5041
5205
5042
5043
4887
4826
4827
5044
5045
5046
5047
5590
5591
5658
5592
5659
5593
5453
5048
5049
5206
5050
5051
4888
4828
4829
4830
4889
4831
5052
5053
5054
5055
5483
5455
5265
5454
5661
5596
5594
5595
5660
5938
5774
5901
5775
5776
5777
5778
5779
5780
5597
5781
5920
5782
5921
5964
6057
5996
5995
5963
5962
6056
6255
6524
6254
6253
6252
6250
6251
6055
6118
6054
6117
6249
6248
6415
6053
5961
6247
6246
6245
6244
6243
6242
6414
6240
6239
6051
6052
6116
6238
6237
6236
6235
6234
6233
6413
6231
6232
6115
6114
5770
5588
5773
5772
5771
5768
5900
5769
5767
5765
5766
6050
6113
6230
6229
6228
6227
6226
6225
6223
6224
6412
6664
6663
6752
6876
6875
7060
6878
6877
6665
6753
6879
6880
6881
6882
6666
6557
6667
6754
6668
6669
6755
6885
6884
7061
6886
6887
6888
6889
6890
6670
7235
6891
6892
6893
6558
6671
6757
6672
6758
6673
6895
6894
7062
6896
6897
6898
6675
6674
6559
6899
7236
6900
6901
7063
6759
6676
6903
6902
6760
6677
6678
6904
6905
6906
6907
6909
7237
7411
7410
7488
7489
7412
7414
7631
7632
7633
7843
7634
7845
7844
7636
7847
7846
7637
7638
7238
7490
7184
7239
7313
7415
7417
7416
7491
7641
7640
7849
7848
7806
7642
7643
7645
7646
7644
8493
8283
8337
8284
8285
8338
8286
8494
8495
8497
8496
8499
8498
8500
8501
8630
8287
8288
8339
8289
8340
8290
8502
8504
8503
8505
8506
8507
8508
8631
8509
8510
8511
8994
9042
8993
9041
9278
9148
9147
9149
8992
8991
8990
9144
9145
9040
8989
8988
9039
8987
8986
8985
9422
9038
8984
8983
9037
9141
8982
8857
8856
8790
8789
8739
8740
8651
8629
8492
8489
8491
8488
8487
8650
8486
8484
8485
8155
8158
8156
8157
8069
8002
8154
8067
8001
8000
8068
8152
8151
8282
8281
8150
8149
7998
7960
7959
7842
7841
7839
7840
7997
7958
8065
8336
8483
8482
8481
8479
8480
8335
8147
8121
8064
7996
7934
7837
7935
7409
7408
7629
7836
7407
7406
7487
7628
7627
7626
7486
7405
7625
7624
7623
7956
8146
8279
8280
8477
8476
8478
8475
8474
8334
8472
8473
8278
8471
8470
8469
8467
8466
8333
8145
8144
8277
8276
8143
8063
7617
7618
7619
7620
7805
7621
7622
7485
7404
7403
7402
7484
7401
7233
7399
7616
7615
7614
7613
7612
7834
7610
7832
7609
7611
7833
8061
8141
8060
7995
8140
8275
8274
8142
8452
8453
8454
8456
8457
8458
8460
8461
8462
8463
8465
8973
8974
8975
8977
8738
8980
8979
8978
9034
9126
9125
9124
9123
9122
9121
9120
9118
9119
8971
8970
8969
8968
8965
8966
9114
9115
9116
9113
9111
9277
9110
9109
9108
8964
8962
9107
9106
8961
8960
9105
9104
9102
9101
9276
9100
9099
9411
9410
9343
9290
8957
8956
8958
8959
8851
8787
8648
8451
8450
8449
8448
8447
8446
8445
8443
8442
8628
8441
8440
8438
8437
8268
8267
8328
8269
8270
8329
8271
8272
8331
8273
8059
7606
7607
7608
7482
7398
7483
7397
7396
7232
7395
7481
7394
7393
7480
7392
7231
7391
7605
7604
7603
7602
7601
7804
7600
7599
7598
7479
7390
7597
7478
7389
7596
7595
7594
7593
7592
7803
7591
7590
7589
7388
7311
7312
7310
7308
7309
7230
7183
7109
7110
7111
7058
6860
6861
6862
6863
6864
6866
6749
6657
6858
6857
6656
6748
6655
6606
6554
6604
6605
6856
6855
7108
6853
7107
7106
6852
6851
7105
7182
7229
7307
7306
7386
7228
7181
6850
6849
6848
7104
7103
6847
6846
6845
7101
7102
7180
7227
7383
7384
7304
7305
7385
7583
7584
7585
7586
7587
7588
8262
8324
8261
8323
7802
7582
7581
7580
7579
7578
7576
7575
7574
7573
7380
7382
7302
7303
7226
7179
7225
7170
7178
7100
6844
6842
6841
6840
6839
6838
6835
6836
7099
6833
6834
7097
7098
7223
7299
7224
7300
7301
7379
7378
7377
7376
7572
7571
7801
7570
7569
7829
7828
7954
8056
7992
7953
8137
8136
7991
7952
7826
7825
7933
8134
8135
8133
8132
8131
8055
8130
8129
8128
7988
8053
7990
7822
7823
7824
7566
7565
7564
7821
7820
7563
7819
7562
7560
7561
7475
7297
7176
7219
7162
7168
7169
7177
7220
7221
7284
7222
7298
7096
7095
7094
6832
6831
7093
6830
7092
6827
6825
6828
6829
6601
6542
6541
6514
6600
6599
6587
6540
6486
6493
6442
6180
6179
6181
6443
6494
6495
6515
6516
6496
6487
6444
6182
6183
6184
6185
6186
6445
6187
6188
6446
6543
6517
6497
6189
6648
6544
6545
6518
6498
6447
6448
6191
6192
6196
6195
6194
6193
6650
6651
6652
6653
6546
6519
6499
6547
6520
6602
6548
6522
6501
6549
6521
6500
6450
6449
6198
6197
6199
6200
6451
6201
6202
6452
6203
6453
6588
6603
6654
6550
6523
6502
6454
6205
6204
6455
6551
6552
6589
6458
6457
6456
6206
6107
6038
6039
6037
6106
6035
5956
6034
6105
6033
6032
6031
6104
5734
5731
5733
5732
5730
5896
5728
5729
5919
5937
5945
5936
5994
5993
5992
5944
5935
5918
5917
5916
5933
5991
5990
5984
5915
5914
5725
5913
5955
6028
6029
5989
5988
5954
5943
5912
5724
5723
5722
5720
5721
5719
5718
5717
5713
5715
5716
5712
5894
6027
6102
6026
6101
6025
6024
6023
6100
6021
6176
6175
6174
6173
6436
6172
6437
6440
6177
6178
6439
6438
6491
6537
6511
6512
6539
6492
6513
6538
6597
6596
6814
7086
6815
6816
7088
6817
6818
6819
6820
6821
6822
6823
7091
7090
7089
7174
7166
7161
7167
7175
7218
7296
7374
7295
7294
7217
7216
7173
7165
7215
7172
7164
7558
7557
7556
7555
7554
7553
8051
8052
8254
8252
8253
8319
8320
8250
8251
8050
7800
7552
7551
7549
7290
7291
7293
7292
7214
7084
7083
7085
7213
7081
7082
7283
7212
7373
7211
6813
6812
6811
6810
6809
6808
6643
6746
6644
6645
6747
6646
6647
6508
6488
6533
6534
6586
6594
6536
6510
6490
6434
6509
6489
6171
6433
6432
6170
6169
6168
6020
6019
6099
6167
6166
6018
6098
6164
6163
6165
6161
6162
6159
6160
6409
5952
6015
6097
6016
6017
5953
5700
5701
5702
5703
5704
5705
5893
5706
5707
5708
5709
5711
5496
5422
5369
5325
5236
4940
4939
5235
4938
4937
4936
5234
5421
5368
5307
5324
5420
5367
5495
5323
5306
5233
4935
4934
4933
4932
4931
4930
4794
4796
4795
4793
4710
4792
4709
4789
4790
4791
4925
4926
4927
4928
4929
5232
5305
5322
5366
5419
5494
5493
5418
5365
5321
5304
5320
5417
5364
5231
5230
5229
4923
4924
5363
5416
5415
5362
5227
5319
5361
5414
5491
5492
5892
5699
5698
5697
5696
5695
5694
5692
5693
5934
5950
5688
5689
5891
5690
5691
5488
5487
5489
5490
5412
5359
5411
5222
5223
5409
5413
5360
5318
5224
5225
5226
4921
4922
4920
4919
4918
4785
4788
4786
4787
4784
4783
4781
4782
4706
4699
4705
4478
4479
4201
4202
4203
4164
4204
4205
4206
4046
4207
4208
4209
4481
4595
4642
4643
4708
4596
4564
4554
4210
4211
4212
4213
4214
4215
4216
4597
4644
4482
4217
4218
4219
4220
4049
4167
4048
4166
4047
3857
3392
3695
3391
3393
3394
3395
3396
3397
3398
3399
3260
3259
3346
3347
3261
2504
2467
2506
2505
2508
2468
2507
2509
3107
3262
3348
3263
3264
3349
3400
3401
3696
3402
3403
3404
3405
3406
3407
3921
4055
4054
4169
4168
4053
4227
4487
4226
4225
4486
4224
4485
4223
4051
4052
4050
4222
4221
4483
4484
4645
4598
4565
4599
4646
4711
4712
4647
4600
4567
4601
4648
4649
4602
4713
4714
4797
4798
4800
4799
4715
4716
4650
4604
4488
4228
4229
4230
4231
4232
4233
4489
4490
4234
4235
4236
4237
4238
4491
4605
4568
4606
4652
4651
4718
4804
4803
4802
4801
4947
4946
4945
4944
4943
5241
5240
4942
5238
4941
5239
5326
5497
5482
5423
5370
5499
5498
5424
5371
5425
5372
5327
5308
5242
4948
4949
4950
4951
4952
5244
5243
5328
5373
5426
5374
5427
5329
5309
5330
5375
5428
5500
5331
5429
5376
5332
5377
5430
5333
5245
4953
4954
4955
5246
4956
4957
4958
5247
5431
5334
5378
5248
4960
4961
4962
5249
5379
5432
5335
5501
5380
5433
5336
5434
5381
5502
5435
5503
5436
5338
5383
5382
5337
5310
5252
5251
5250
4965
4963
4966
4967
4968
4970
4969
4810
4811
4812
4809
4722
4806
4807
4805
4808
4657
4611
4575
4574
4557
4498
4253
4254
4255
4256
4260
4259
4258
4257
4016
4060
4061
4062
4063
3930
3864
3806
3862
3929
3805
3787
3719
3422
3423
3424
3718
3421
3717
3420
3418
3861
3928
3927
4015
4014
4251
4250
4252
4249
4248
4247
4497
4656
4609
4573
4496
4246
4245
4244
4572
4608
4720
4655
4571
4556
4495
4654
4719
4555
4653
4607
4570
4494
4493
4242
4243
4241
4240
4239
4057
4056
4170
4058
4171
4059
4012
4013
3925
3803
3860
3859
3802
3716
3714
3801
3713
3924
3923
3416
3415
3414
3412
3411
3409
3408
3410
3697
3269
3109
3351
3268
3267
3350
3266
3265
3108
2513
2512
2510
2511
2818
2398
2397
2470
2514
2515
2516
2517
2518
2519
2819
2520
2521
2522
2523
2524
2525
2526
2402
2342
2338
2253
2472
2401
2400
2471
2399
2251
2102
1737
1736
1735
1734
1692
1691
1591
1592
1590
1589
1731
1986
1732
1730
1690
1588
1587
1689
1586
1434
1435
1178
882
883
884
885
886
887
758
829
759
760
830
888
889
1179
890
891
892
762
893
894
895
1593
1436
1538
1437
1438
1359
1358
1299
896
1198
1199
897
898
900
901
902
1284
1300
1361
1440
1200
903
904
1201
1301
1362
1441
1442
1539
1738
1739
1987
1740
1741
1742
1743
1744
1745
1995
1594
1595
1596
1694
1204
1203
907
906
905
832
763
701
