13820
13821
13822
13824
13825
13826
13827
13829
13754
13614
13615
13547
13548
13616
13617
13694
13549
13755
13830
13832
13833
13834
13835
13837
13838
13839
13841
13842
13843
13844
13846
13847
13848
13849
13851
13852
13854
13855
13856
13857
13859
13860
13861
13862
13863
13864
13865
13866
13867
13868
13869
13870
13871
13872
13873
13874
13875
13876
13877
13878
13879
13880
13881
13882
13883
13884
13885
13886
13887
13888
13889
13891
13892
13893
13894
13896
13897
13899
13900
13901
13902
13904
13905
13906
13907
13909
13910
13911
13912
13914
13915
13916
13917
13920
13921
13922
13923
13925
13926
13927
13928
13930
13932
13933
13934
13935
13936
13937
13938
13788
13789
13790
13791
13792
13793
13794
13795
13709
13710
13711
13628
13629
13796
13939
13940
13941
13942
13943
13944
13945
13946
13947
13948
13949
13950
13951
13952
13953
13954
13798
13714
13713
13797
13712
13631
13630
13567
13521
13520
13566
13565
13443
13444
13445
13446
13419
13279
13278
13277
13276
13275
13274
13273
13272
13271
13270
13269
13268
13267
13266
13265
13418
13264
13263
13564
13503
13260
13262
13159
13088
12948
12895
12947
13087
13086
13158
13157
13156
13259
13417
13258
13257
13155
13154
13153
13255
13254
13253
13252
13251
13152
13151
13150
13149
13250
13563
13787
13786
13785
13627
13626
13708
13707
13562
13519
13441
13442
13249
13248
13247
13246
13148
12945
12603
12604
12605
12606
12607
12608
12385
12384
12448
12447
12336
12369
12337
12338
12386
12387
12503
12504
12505
12609
12772
12610
12611
12613
12872
12946
12614
12615
12773
12616
12617
12618
12619
12621
13089
13090
13091
13092
13007
12949
12896
12805
12806
12897
12950
13008
13093
13160
13094
13095
13161
13281
13282
13717
13716
13715
13955
13956
13957
13958
13959
13960
13961
13962
13800
13718
13719
13801
13720
13721
13722
13802
13723
13724
13803
13725
13726
13727
13805
13728
13729
13806
13730
13731
13570
13522
13523
13571
13524
13572
13573
13525
13449
13448
13447
13312
13311
13310
13168
13109
13110
13169
13313
13314
13315
13450
13451
13452
13453
13316
13317
13318
13454
13455
13456
13115
13114
13113
13013
13012
13011
13112
13111
12954
12900
12955
12956
12901
12812
12811
12810
12809
12669
12668
12667
12521
12457
12456
12288
12345
12455
12520
12666
12665
12664
12663
12662
12777
12660
12659
12808
12899
12953
13009
13010
13108
13309
13308
13307
13306
13305
13422
13303
13302
13301
13300
13166
13105
13106
13107
12952
12898
12807
12658
12657
12655
12654
12653
12652
12651
12650
12649
12518
12454
12453
12116
12115
12114
12113
11996
11995
11927
11928
11929
11930
11931
11997
11932
11933
11998
11934
11935
12117
12119
12226
12120
12121
12122
12124
12123
11839
11789
11840
11841
11842
11843
11791
11756
11792
11844
11845
11846
11847
11848
11797
11761
11760
11796
11795
11759
11758
11794
11793
11757
11697
11698
11699
11700
11701
11702
11703
11562
11563
11704
11763
11799
11762
11798
11849
11850
11936
11937
11938
11939
11940
11941
11942
11943
11851
11852
11853
11800
11764
11705
11706
11707
11708
11709
11710
11711
11803
11765
11802
11854
11855
11856
11857
11858
11944
11945
11859
12148
12149
12150
12151
12254
12253
12252
12251
12250
12249
12147
12146
12248
12247
12349
12370
12388
12389
12390
12350
12306
12307
12351
12391
12392
12393
12394
12352
12308
12255
12256
12154
12152
12001
11860
11673
11586
11585
11584
11583
11582
11581
11580
11578
11577
11576
11575
11573
11572
11571
11570
11569
11568
11567
11566
11565
11564
11336
11337
11258
11213
11214
11259
11260
11397
11338
11261
11176
11116
10990
10991
10992
10993
10994
10995
10996
10847
10699
10652
10610
10583
10548
10549
10700
10997
10998
11000
11001
11262
11339
11263
11398
11265
11266
11267
11268
11269
11270
11271
11234
11218
11217
11179
11216
11178
11121
11004
11005
11006
11007
11125
11124
11123
11122
11120
11119
11118
11157
11177
11215
11587
11588
11589
11590
11591
11592
11235
11272
11273
11274
11275
11276
11399
11594
11595
11805
11865
11804
11864
11863
11862
11740
11766
11741
11767
11742
11714
11713
11712
11739
11816
11861
12002
11946
12158
12262
12261
12260
12259
12157
12156
12155
12257
12258
12309
12353
12310
12354
12355
12356
12311
12263
12264
12265
12159
12160
12161
12162
12164
12165
12271
12270
12269
12268
12267
12266
12312
12357
12406
12407
12408
12409
12313
12358
12359
12371
12410
12411
12412
12360
12294
12315
12293
12314
12292
12272
12273
12166
12167
11947
11948
11866
12004
11867
11949
12005
11608
11607
11606
11605
11604
11674
11603
11602
11601
11599
11598
11597
11596
11400
11340
11222
11221
11132
11133
10804
10711
10710
10803
10850
10709
10616
10555
10554
10585
10615
10656
10708
10849
11009
11010
11011
11012
11131
11130
11129
11128
11181
11220
11219
11180
11127
11126
10707
10802
10706
10705
10801
10848
11003
11002
10703
10704
10614
10613
10655
10612
10654
10702
10701
10653
10611
10550
10551
10552
10553
10424
10423
10421
10420
10419
10418
10417
10416
10237
10071
10173
10238
10072
10073
10175
10239
10425
10426
10427
10428
10429
10430
10431
10432
10433
10434
10435
10180
10241
10436
10437
10438
10439
10441
10442
10443
10444
10445
10446
10447
10448
10450
10451
10452
10453
10556
10617
10657
10586
10712
10851
10713
10805
10852
10618
10806
10853
11026
11024
11023
11022
11021
11020
11019
11018
11017
11016
11015
11014
11134
11182
11277
11278
11341
11279
11609
11716
11744
11806
11868
11869
11950
12180
12181
12182
12183
12184
12185
12187
12188
12229
12189
12190
12191
12006
11872
11953
12007
11873
11817
11874
11811
11810
11745
11625
11720
11721
11768
12008
11954
11875
11876
11955
11877
11636
11637
11638
11639
11347
11289
11055
11054
11053
11088
11052
11051
11050
11049
11048
11047
11046
11138
11137
11136
11228
11286
11287
11345
11346
11288
11406
11635
11634
11633
11631
11630
11629
11628
11627
11626
11285
11284
11227
11184
11042
11043
11044
11045
10721
10809
10722
10589
10662
10672
10723
10620
10725
10724
10810
10859
10858
11056
11058
11059
11060
11061
11062
11063
11064
11065
11229
11162
11408
11291
11292
11348
11349
11647
11646
11645
11644
11643
11642
11641
11640
11746
11769
11878
11956
12011
12010
12209
12210
12319
12363
12543
12431
12759
12757
12756
12778
12755
12754
12753
12752
12751
12750
12749
12422
12542
12362
12318
12297
12208
12207
12206
12205
12204
12203
12202
12201
12200
12199
12198
12197
12196
12195
12193
12192
12296
12317
12419
12469
12541
12742
12744
12745
12746
12747
12420
12421
12470
12748
12879
12978
13058
13125
13179
13396
13395
13394
13057
13124
13393
13392
13391
13425
13390
13389
13388
13387
13386
13384
13383
13056
13055
12921
12877
12734
12735
12736
12737
12739
12740
12741
12540
12468
12418
12539
12417
12466
12733
12732
12731
12730
12465
12416
12361
12295
12538
12729
12728
12727
12726
12415
12178
12177
12176
12175
12174
12173
12172
12171
12170
12169
12168
12316
12536
12463
12413
12414
12464
12719
12721
12722
12723
12724
12725
12920
13121
13175
13120
13119
13118
13051
12976
12919
12848
12718
12847
12975
13050
13049
13048
13364
13484
13366
13367
13368
13485
13486
13488
13596
13597
13489
13490
13369
13370
13371
13372
13373
13374
13424
13375
13052
13053
13122
13376
13377
13378
13379
13380
13054
13176
13177
13123
13382
13509
13600
13680
13681
13750
13815
13814
13749
13748
13679
13678
13812
13747
13677
13811
13676
13746
13745
13675
13598
13674
13673
13672
13671
13670
13744
13743
13595
13541
13594
13742
13669
13741
13740
13593
13540
13483
13363
13362
13361
13360
13482
13539
13592
13668
13739
13738
13737
13736
13667
13666
13665
13664
13663
13662
13661
13660
13588
13536
13612
13589
13590
13537
13591
13538
13480
13481
13359
13358
13357
13356
13355
13354
13353
13352
13479
13478
13477
13476
13475
13474
13349
13350
13032
13031
12966
12910
12965
12964
12909
12824
12823
12822
12696
12697
12698
12825
12826
12827
12828
12987
12911
12967
13033
13034
13035
13036
13037
13038
13039
13040
13041
13042
13043
13044
13045
13046
13047
12974
12918
12917
12973
12972
12916
12915
12971
12970
12914
12913
12969
12968
12912
12832
12833
12834
12835
12836
12837
12838
12839
12840
12841
12842
12843
12844
12845
12846
12717
12716
12715
12714
12713
12712
12711
12710
12709
12708
12707
12705
12704
12703
12702
12831
12830
12829
12701
12700
12405
12404
12403
12402
12401
12400
12399
12398
12397
12396
12395
12695
12821
12820
12819
12960
12905
12959
12958
12904
12813
12814
12815
12816
12817
12818
12694
12693
12692
12691
12690
12689
12688
12686
12685
12684
12683
12682
12681
12680
12679
12527
12529
12530
12531
12532
12533
12534
12462
12461
12460
12348
12290
12228
12145
12144
12143
12142
12141
12140
12139
12137
12136
12227
12134
12133
12132
12131
12130
12129
12128
12127
12126
12125
12346
12526
12525
12524
12523
12522
12459
12458
12670
12671
12672
12673
12674
12676
12677
12678
12902
13116
13172
13170
13320
13321
13322
13323
13324
13325
13326
13423
13327
13328
13329
13014
13015
13117
13331
13332
13016
13173
12876
12903
12957
13017
13018
13019
13020
13021
13022
13023
13024
13025
12961
12906
12907
12962
12908
12963
13026
13027
13028
13029
13030
13348
13471
13472
13473
13587
13659
13658
13657
13535
13586
13656
13655
13654
13653
13652
13651
13650
13649
13648
13647
13646
13645
13644
13643
13642
13579
13528
13580
13529
13530
13581
13582
13531
13532
13583
13584
13533
13585
13534
13467
13468
13469
13470
13346
13345
13344
13343
13466
13465
13464
13342
13341
13340
13463
13462
13461
13339
13338
13337
13460
13459
13336
13335
13334
13333
13457
13458
13507
13809
13735
13641
13808
13640
13734
13733
13639
13578
13577
13576
13732
13638
13637
13636
13575
13527
13526
13574
13611
13635
13634
13633
13632
13968
13970
13971
13973
13974
13975
13977
13978
13979
13980
13981
13982
13983
13984
13985
13986
13987
13988
13989
13990
13991
13992
13993
13994
13995
13996
13997
13998
13999
14000
14001
14002
14003
14004
14005
14006
14007
14008
14009
14010
14011
14012
14013
14014
14015
14016
14017
14018
14019
14020
14021
14022
14023
14024
14025
14026
14027
14028
14029
14030
14031
14033
14034
14035
14036
14037
14038
14040
14041
14042
14043
14044
14045
14046
14047
14049
14050
14051
14052
14053
14054
14055
14056
14057
14059
14060
14061
14062
14063
14064
14066
14067
14068
14069
14070
14071
14073
14074
14075
14076
14077
14079
14080
14081
14082
14083
14084
14085
14087
14088
14089
14090
14091
14092
14094
14095
14096
14097
14098
14099
14100
14101
14102
14103
14105
14106
14107
14108
14109
14110
14111
14112
14113
14114
14115
14116
14117
14118
14119
14120
14121
14122
14123
14124
14125
14126
14127
14128
14129
14130
14131
14132
14133
14134
14135
14136
14137
14138
14139
14140
14141
14142
14143
14144
14145
14146
14147
14148
14149
14150
14151
14152
14153
14154
14155
14156
14157
14158
14159
14160
14161
14162
14163
14164
14165
14166
14167
14168
14169
14170
14171
14172
14173
14175
14176
14177
14178
14179
14180
14181
14182
14183
14184
14185
14186
14187
14188
14189
14191
14192
14193
14194
14195
14196
14197
14198
14199
14200
14201
14202
14203
14204
14205
14206
14208
14209
14210
14211
14212
14213
14214
14215
14216
14217
14218
14219
14220
14221
14222
14223
14224
14225
14227
14228
13688
13817
13753
13752
13751
13693
13687
13606
13546
13613
13605
13692
13604
13545
13399
13401
13402
13495
13496
13403
13404
13405
13406
13407
13070
13069
13068
12982
12924
12859
12857
12856
12766
12855
12854
12853
12852
12765
12764
12851
12850
12883
12923
12884
12979
12980
12981
13067
13066
13065
13064
13063
13062
12922
12882
12881
13182
13127
13061
13181
13491
13497
13492
13512
13543
13513
13544
13493
13494
13515
13603
13686
13685
13684
13683
13682
13601
13542
13511
13397
13126
13059
12760
12761
12762
12471
12364
12320
12365
12423
12424
12432
12366
12321
12214
12276
12275
12212
12211
11879
11957
11880
12013
12215
12322
12367
12425
12368
12277
12014
11958
11881
11813
11748
11722
11654
11652
11651
11650
11648
11409
11293
11294
11350
11410
11295
11297
11655
11656
11296
11236
11230
11185
11164
11140
10862
11074
11073
11072
11071
11070
11068
11067
11089
11066
10811
10726
10861
10812
10664
10501
10251
10499
10592
10498
10098
9970
10042
10043
9949
9948
9947
9878
9877
9875
9874
9873
9872
9870
9906
9869
9868
9867
9866
9865
9864
9863
9945
10039
10051
9968
10201
10248
10093
10094
10095
10203
10204
10096
10249
10097
10205
10250
10496
10495
10494
10493
10492
10491
10490
10489
10487
10486
10485
10561
10560
10484
10483
10482
10481
10480
10479
10720
10808
10856
10619
10660
10659
10717
10718
10719
11040
11160
11226
11405
11624
11623
11621
11620
11619
11675
11618
11617
11616
11615
11614
11612
11611
11719
11871
11952
11951
11870
11809
11808
11807
11718
11717
11610
11402
11280
11223
11158
11135
11027
10714
10459
10461
10462
10463
10191
10086
10244
10087
10194
10245
10088
10089
10195
10246
10470
10469
10468
10467
10466
10465
10464
10715
10807
10716
11031
11030
11029
11028
11183
11224
11342
11403
11343
11281
11282
11344
11283
11038
11037
11036
11035
11034
11033
11032
10855
10587
10658
10557
10558
10559
10471
10473
10474
10475
10476
10477
10197
10090
10037
10198
10091
10247
10092
9857
9856
9855
9905
9854
9852
9851
9850
9849
9848
9846
9845
9844
9944
10036
9967
9843
9603
9561
9500
9501
9562
9502
9604
9859
9860
9862
9605
9506
9505
9564
9563
9504
9442
9363
9253
9252
9251
9250
9249
9248
9247
9245
9244
9243
9242
9240
9239
9238
9237
9235
9234
9233
9232
9361
9391
9499
9602
9560
9498
9601
9842
9841
9839
9838
9837
9904
9835
9834
9833
9832
9830
9829
9828
10035
10085
10189
10458
10457
10456
10455
10454
10243
10187
10082
10242
10081
10185
10183
10080
10079
10078
10077
9965
9989
10031
10032
9903
9817
9816
9815
9813
9812
9811
9810
9940
9939
9808
9807
9598
9554
9484
9597
9483
9553
9552
9482
9797
9798
9799
9800
9902
9801
9802
9803
9804
9805
10076
10240
10075
10179
10178
10074
10030
9796
9794
9793
9792
9790
9938
10029
9964
9789
9787
9786
9784
9783
10070
10171
10170
10068
10028
10026
9936
9935
10024
10025
10049
10067
10412
10413
10414
10415
10698
10800
10697
11115
11114
10988
10987
10986
10985
10984
11113
10983
10982
11112
10981
10980
11111
11175
11211
11174
11210
11255
11330
11256
11257
11331
11332
11212
11333
11334
11335
11561
11560
11559
11558
11557
11555
11696
11695
11554
11694
11755
11790
11693
11692
11553
11552
11551
11550
11549
11548
11547
11672
11546
11545
11544
11542
11541
11540
11539
11538
11537
11671
11536
11535
11533
11532
11531
11530
11529
11528
11527
11670
11526
11525
11319
11320
11391
11321
11322
11392
11323
11324
11325
11393
11326
11327
11394
11328
11329
11251
11252
11253
11254
11209
11173
11208
11207
11172
11171
11206
11205
11170
11105
10974
10973
10972
10970
10969
10968
10967
10966
11087
10965
10964
10963
10962
10961
10960
10959
10958
10957
11086
10956
10955
11169
11389
11318
11388
11317
11524
11523
11522
11521
11520
11519
11518
11669
11517
11516
11515
11514
11513
11511
11510
11509
11508
11507
11506
11668
11912
11836
11837
11736
11838
11990
11913
11989
12095
12223
12097
12098
12099
12100
12101
12102
12224
12287
12340
12512
12513
12449
12450
12451
12514
12341
12342
12343
12246
12245
12105
12104
12103
11914
11915
11916
11991
11917
11918
11992
11919
11920
11921
11993
11922
11923
11994
11924
11925
11926
12225
12112
12110
12109
12108
12107
12452
12515
12516
12517
12645
12646
12647
12648
12776
13104
13165
13298
13297
13296
13295
13294
13421
13293
13292
13291
13290
13289
13288
13287
13286
13285
13420
13284
13283
13096
13097
13098
13163
13099
13100
13164
13101
13102
13103
12644
12643
12642
12641
12640
12775
12639
12638
12637
12636
12634
12633
12632
12631
12630
12774
12629
12628
12627
12626
12625
12624
12623
12622
12511
12510
12509
12508
12507
12506
12339
12093
12094
11911
11835
11787
11786
11691
11499
11500
11501
11503
11504
11505
11313
11386
11201
11200
11152
11199
11383
11384
11310
11311
11312
11385
11498
11497
11734
11834
11910
11988
11909
11833
11987
12088
12089
12090
12091
12092
12244
12243
12242
12241
12086
12085
12084
12083
12082
12081
12222
12079
12078
11908
11832
11667
11490
11491
11492
11493
11494
11496
11382
11381
11380
11379
11378
11377
11198
11374
11375
11376
11482
11484
11485
11486
11487
11488
11489
11784
11831
11907
11986
12076
12077
12285
12335
12499
12500
12501
12444
12445
12446
12502
12602
12601
12600
12804
12871
12944
12894
12870
12893
12869
12803
12802
12801
12858
12800
12498
12497
12496
12495
12494
12493
12492
12333
12305
12332
12381
12382
12383
12491
12595
12594
12593
12795
12796
12797
12596
12598
12798
12799
12943
12985
13001
13002
13003
13004
13005
13006
13243
13244
13245
13440
13439
13518
13561
13625
13624
13784
13560
13706
13623
13622
13621
13559
13558
13557
13783
13705
13704
13703
13782
13781
13556
13501
13780
13779
13778
13777
13776
13775
13774
13773
13772
13771
13700
13699
13698
13770
13769
13768
13767
13766
13765
13764
13763
13551
13762
13761
13760
13550
13517
13499
13205
13132
13204
13203
13202
13201
13200
13199
13076
12994
12993
12992
12927
12928
12783
12562
12563
12784
12785
12564
12929
12930
12931
12788
12568
12567
12787
12786
12565
12438
12324
12299
12280
12325
12043
12044
12045
12046
12233
12234
12047
12048
12049
12050
12051
12052
12327
12301
12326
12377
12376
12440
12439
12478
12569
12789
12984
12995
13078
13077
13206
13207
13208
13209
13210
13211
13212
13413
13213
13214
13215
13500
13552
13414
13221
13220
13219
13218
13217
13216
13139
13140
13141
13143
12866
12934
12935
12936
12888
12937
13082
12996
13146
13081
13080
13079
13145
13144
13222
13434
13553
13554
13555
13223
13224
13225
13226
13227
13228
13229
13415
13231
12997
12939
13083
13232
13234
13235
13236
13416
13237
13238
13240
13239
13436
13437
13438
13241
13085
13084
13000
12999
12998
12940
12890
12891
12941
12942
12892
12794
12592
12591
12793
12889
12938
12792
12791
12790
12588
12589
12590
12490
12443
12442
12441
12489
12488
12487
12486
12485
12484
12587
12586
12585
12584
12771
12583
12581
12580
12578
12577
12576
12770
12575
13138
13137
13136
13135
13134
12932
12570
12571
12572
12573
12574
12479
12480
12481
12482
12483
12053
12054
12219
12055
12056
12057
12058
12059
12060
12220
12283
12328
12329
12380
12331
12304
12330
12303
12237
12064
12063
12062
12061
11901
11900
11899
11982
11898
11897
11981
11896
11895
11894
11979
11893
11892
11978
11891
11890
11889
11446
11447
11448
11366
11302
11449
11450
11451
11452
11664
11453
11454
11367
11368
11455
11456
11457
11459
11460
11303
11304
11370
11461
11462
11665
11464
11465
11466
11467
11468
11469
11470
11471
11472
11666
11473
11474
11475
11476
11477
11478
11479
11815
11905
11904
11984
11903
11902
11983
12065
12238
12239
12240
12066
12067
12068
12069
12070
12071
12072
12073
12074
12221
12075
11906
11829
11828
11827
11826
11780
11781
11685
11686
11687
11688
11782
11481
11245
11196
11101
10910
10909
10907
10906
10905
10904
10903
11082
10902
10901
11149
11195
11305
11371
11306
11307
11372
11308
11309
11246
11247
11197
11102
11103
10911
10834
10768
10767
10833
10766
10765
10764
10832
10763
10762
10831
10761
10760
10759
10830
10757
10756
10829
10900
10898
10897
10896
10754
10753
10752
10750
10828
11081
10894
10893
10892
10749
10827
10747
10633
10746
10891
10890
10826
10745
10744
10825
10743
10889
10679
10678
10677
10676
10882
10884
10885
11080
10886
10887
10888
11193
11192
11191
11147
10881
10675
10670
10632
10742
10821
10741
10740
10820
10739
10877
10878
10879
11079
10880
11360
11359
11358
11357
11356
11355
11354
11353
11244
11189
11100
11190
10876
10875
10874
10873
10871
10870
10869
10817
10736
10737
10818
10738
10631
10281
10282
10511
10283
10284
10285
10286
10287
10566
10571
10599
10572
10600
10573
10529
10528
10527
10526
10525
10288
10212
10117
10118
10213
10119
9999
10000
10053
10120
10214
10002
10003
10121
10289
10290
10512
10291
10292
10293
10294
10295
10296
10215
10122
10123
10216
10124
10004
10125
10217
10126
10297
10298
10513
10300
10301
10302
10303
10304
10218
10127
10128
10129
10306
10307
10308
10309
10514
10311
10312
10313
10314
10315
10317
10318
10319
10320
10515
10321
10322
10323
10324
10325
10327
10328
10329
10330
10516
10331
10332
10333
10334
10335
10336
10143
10144
10145
10225
10146
10147
10226
10148
10149
10009
9959
9919
9713
9714
9715
9716
9717
9718
9719
9586
9540
9376
9539
9538
9460
9414
9374
9291
9120
9119
9118
9116
9115
9114
8969
8968
8966
8965
9113
9111
9277
9110
9109
9108
9107
8964
8962
8961
8960
9106
9105
9104
9102
9101
9276
9100
9099
9290
9033
8955
8956
8957
8958
8959
8851
8787
8648
8449
8448
8447
8446
8445
8443
8442
8628
8954
9032
8953
8952
8951
9094
9095
9096
9097
9343
9410
9894
9683
9684
9685
9686
9687
9689
9690
9691
9692
9895
9528
9458
9411
9582
9529
9530
9583
9531
9532
9533
9584
9534
9535
9585
9536
9537
9712
9710
9709
9708
9707
9705
9704
9703
9896
9702
9701
9700
9699
9698
9696
9695
9694
9693
10142
10224
10141
10223
10140
10139
10138
10222
10137
10136
10221
10135
10134
10133
10220
10132
10131
10219
10130
9674
9675
9676
9677
9678
9679
9680
9681
9581
9527
9526
9275
9092
9091
9090
8948
9030
8949
8950
9031
8441
8440
8438
8437
8436
8435
8433
8266
8326
8265
8264
8263
8324
8262
8261
7579
7580
7581
7582
7802
7583
7584
7585
7586
7587
7588
7589
7590
7591
7803
7592
7593
7594
7595
7596
7479
7390
7389
7478
7388
7312
7111
7110
7109
7108
7107
7106
7105
7181
7228
7229
7182
7183
7230
7311
7310
7309
7308
7307
7306
7386
7385
7305
7304
7384
7383
7303
7302
7382
7380
7226
7179
7227
7180
7103
7104
6848
6849
6850
6851
6852
6853
6855
6856
6857
6858
7058
6860
6861
6862
6863
6864
6749
6657
6656
6748
6655
6606
6605
6554
6604
6589
6552
6551
6654
6603
6588
6550
6523
6502
6454
6206
6205
6204
6453
6452
6203
6202
6201
6200
6451
6450
6199
6198
6197
6449
6499
6519
6546
6653
6652
6651
6650
6648
6544
6545
6518
6498
6447
6448
6191
6192
6193
6194
6195
6196
5994
6031
6104
6032
6033
6105
6034
5956
6035
6106
6037
6038
6107
6039
6455
6456
6457
6458
6459
6460
6207
6208
6410
6209
6210
6211
6212
6213
6214
6555
6658
6659
6866
7231
7391
7804
7600
7599
7598
7597
8267
8328
8268
8269
8270
8329
8271
8272
8331
8273
8059
7607
7608
7609
7610
7611
7834
7833
7832
7995
8060
8142
8141
8140
8275
8274
8450
8451
8452
8453
8454
8456
8457
8458
8460
8461
8462
8463
8465
8466
8970
8971
8973
8974
8975
8977
8978
8979
8738
8852
8980
9034
9121
9122
9123
9124
9125
9126
9128
9129
9130
9132
9133
9134
9135
8853
8981
8854
8838
8715
8483
8482
8481
8480
8479
8478
8477
8476
8475
8474
8473
8472
8471
8470
8469
8467
8333
8145
8144
8277
8276
8143
8063
8061
7612
7613
7483
7398
7397
7482
7396
7232
7395
7481
7394
7393
7480
7606
7605
7604
7603
7602
7601
7392
6867
6868
7059
6869
6870
6871
6872
6873
6874
6875
6876
7060
6877
6878
6879
6880
6881
6882
6884
6885
6886
6887
7061
7233
7399
7614
7615
7616
7617
7618
7619
7620
7805
7621
7401
7484
7402
7403
7485
7622
7623
7404
7235
7405
7486
7406
7487
7407
7062
6892
6893
6894
6895
6896
6897
6898
6899
7236
7408
7629
7836
7628
7627
7626
7625
7624
7956
8278
8334
8146
8279
8280
8147
8121
8064
7996
7934
7837
7935
8335
8336
8065
8149
7997
7958
7840
7839
7409
7488
7410
7411
7489
7412
7237
7238
7414
7633
7634
7636
7637
7638
7640
7641
7490
7313
7415
7491
7493
7417
7416
7239
7184
7112
7065
6915
6916
6917
6918
6919
6920
7240
7418
7651
7650
7648
7647
7646
7645
7644
7643
7642
7806
7849
7848
7847
7846
7845
7844
7843
7632
7631
7842
7841
7959
7998
7960
8150
8281
8282
8151
8067
8000
8001
8068
8152
8154
8155
8002
8069
8156
8157
8158
8283
8337
8284
8285
8338
8286
8287
8288
8339
8289
8340
8290
7807
7652
7653
7654
7655
7656
7657
7658
7660
7661
7808
7662
7663
7665
7666
7667
7668
7669
7670
7671
7672
7674
7675
7809
7851
8005
8073
8160
8299
8300
8344
8343
8298
8297
8296
8515
8514
8342
8295
8294
8341
8293
8292
8291
8505
8506
8507
8508
8631
8509
8510
8511
8512
8513
8994
9042
8995
8996
9154
9153
9152
9151
9591
9545
9544
9590
9589
9147
9148
9149
9278
8993
9041
8992
8991
8990
8504
8503
8502
8501
8500
8630
8499
8498
8497
8496
8495
8494
8493
8492
8491
8629
8489
8488
8487
8651
8650
8486
8485
8484
8649
8788
8855
9035
9136
9293
9347
9416
9452
9465
9417
9294
9138
9139
9295
9296
9297
9141
8856
8789
8739
8740
8790
8857
8982
9037
8983
8984
9038
8985
8986
8987
9039
8988
8989
9040
9145
9144
9543
9588
9422
9421
9419
9418
9466
9467
9469
9542
9734
9930
9931
9736
9737
9738
9739
9897
9932
10019
10018
9929
9928
9927
9733
9732
9731
9730
9925
9924
9729
9727
9923
9922
9983
10012
10060
10061
10048
10062
10014
9985
10015
10017
10152
10066
10065
10064
10360
10538
10537
10536
10358
10228
10011
9961
9726
9587
9464
9541
9463
9462
9721
9722
9723
9724
10059
10151
10058
10057
9981
10150
10227
10347
10346
10345
10639
10344
10343
10341
10340
10339
10338
10534
10532
10531
10638
10637
10636
10769
10912
10913
10914
10915
10916
10918
10770
10771
10772
10773
10774
10775
10681
10776
10777
10919
11083
10920
10921
10922
10923
10924
11084
10925
10926
10927
10928
10929
10930
11168
11248
11249
11314
11250
11153
11387
11315
11316
11202
11104
10946
10945
10944
10943
10942
10941
10939
10938
10937
10936
10935
10934
10933
10932
10836
10778
10683
10835
10682
10517
10351
10350
10349
10348
10352
10353
10354
10356
10357
10576
10641
10642
10684
10685
10686
10687
10779
10643
10837
10688
10689
10646
10645
10605
10362
10363
10539
10540
10365
10366
10153
10229
10154
10155
10230
9740
9741
9742
9744
9745
9746
9747
9898
9748
9749
9750
9751
9752
9753
10020
10161
10386
10385
10232
10160
10159
10231
10158
10157
10156
10384
10383
10382
10381
10380
10519
10379
10377
10376
10375
10374
10373
10372
10371
10370
10518
10368
10367
10780
10781
10838
10947
10948
11085
10949
10950
10951
10952
10954
10782
10839
10783
10784
10785
10840
10786
10787
10841
10788
10789
10790
10842
10791
10792
10843
10793
10648
10794
10844
10795
10796
10845
10977
10975
11106
11107
11108
11109
11110
10978
10979
10797
10650
10651
10671
10693
10694
10607
10580
10581
10608
10695
10846
10798
10696
10411
10410
10408
10407
10406
10405
10547
10609
10582
10546
10545
10544
10404
10169
10236
10168
10167
10235
10403
10402
10401
10400
10399
10521
10398
10397
10396
10395
10394
10392
10391
10390
10520
10389
10388
10162
10233
10163
10164
10234
10165
10166
10023
9900
9764
9763
9762
9761
9760
9759
9757
9756
9899
9755
9754
9425
9352
9044
8999
8998
9043
8997
8858
8792
8653
8517
8518
8632
8519
8520
8521
8522
8523
8524
8526
8654
8655
8656
8528
8657
8658
8659
8660
8744
8801
8746
8802
9003
9002
9001
8863
8862
8800
8743
8799
8861
9164
9163
9162
9161
8860
8797
8796
8742
8795
9000
9156
9158
9279
9159
9160
9548
9593
9547
9592
9546
9766
9767
9768
9769
9770
9771
9549
9426
9428
9166
9381
9550
9595
9594
9772
9774
9775
9776
9777
9778
9779
9780
9781
9901
9782
9473
9474
9551
9475
9596
9356
9383
9430
9476
9478
9479
9480
9481
9434
9433
9386
9432
9385
9304
9305
9306
9191
9190
9189
9188
9187
9186
9185
9184
9303
9301
9182
9181
9047
8868
8804
8805
8869
8870
8806
8749
8665
8664
8662
8720
8867
9179
9178
9177
9176
9175
9174
9173
9171
9170
9169
9168
9045
9046
9004
8747
8865
8866
9005
8543
8542
8541
8540
8539
8538
8537
8535
8533
8532
8531
8530
8529
8164
8302
8303
8304
8077
8078
7857
7856
7685
7684
7683
7855
7854
7681
7680
7853
8007
8075
8122
8163
8301
8162
8074
8006
7676
7677
7679
7500
7433
7432
7498
7431
7430
7429
7497
7427
7426
7496
7425
7424
7423
7495
7422
7420
7494
7419
6925
6924
7066
6923
6922
6684
6564
6764
6685
6687
6765
6927
6928
6929
6930
6931
6688
6689
6690
6766
6691
6932
6933
7067
6934
6935
6936
6937
6938
6940
6941
6942
6943
7068
6945
6946
6947
6948
6949
6699
6770
6698
6697
6768
6696
6695
6693
6767
6692
6283
6284
6285
6286
6288
6124
5903
5796
5795
5794
5668
5667
5610
5611
5613
5456
5614
5669
5615
5616
5670
5800
5799
5798
5797
6063
6064
6125
6289
6290
6420
6291
6292
6294
6295
6296
6297
6566
6700
6771
6701
6702
6772
6955
6954
7069
6953
6952
6951
7241
7434
7435
7501
7436
7437
7502
7438
7242
7439
7503
7440
7441
7504
7692
7691
7690
7689
7688
7686
7858
8079
8165
8305
8306
8167
8168
8345
8544
8545
8546
8547
8307
8346
8549
8170
8081
7967
8010
8172
8082
8011
7861
7862
7704
7705
7863
7706
7707
7326
7252
7189
7125
6977
6975
6976
7124
7123
7122
7121
6974
6973
7120
7187
7249
7250
7188
7251
7325
7324
7323
7322
7321
7320
7248
7186
7119
6972
6970
7118
7117
7116
7115
6969
6617
6616
6615
6614
6613
6612
6570
6526
6317
6318
6467
6468
6319
6320
6469
6470
6471
6472
6323
6322
6321
6132
6075
6074
6131
6073
5970
6072
6071
6129
6316
6466
6525
6569
6611
6775
7114
7113
7244
7245
7185
7246
7319
7318
7317
7316
7315
7314
7702
7701
7699
7698
7697
7696
7695
7810
7694
7442
7285
7243
6967
6966
6965
6964
6963
6962
7070
6961
6960
6959
6958
6957
6956
6703
6567
6704
6773
6705
6706
6774
6707
6568
6314
6313
6312
6311
6070
6128
6069
5969
6068
6307
6308
6422
6309
6310
6306
6305
6304
6303
6302
6301
6421
6300
6299
6127
6067
6066
6126
6065
5968
5939
5801
5802
5904
5803
5804
5517
5518
5484
5459
5519
5520
5619
5808
5807
5806
5805
5809
5810
5905
5811
5812
5813
5814
5815
5816
5817
5818
5906
5819
5820
5821
5822
5823
5825
5971
6077
6078
6133
6079
6080
6134
6324
6474
6473
6572
6618
6619
6709
6620
6621
6573
6529
6505
6528
6504
6527
6503
6475
6476
6325
6081
5972
5985
5997
5973
5974
5998
5975
5923
5836
5835
5922
5674
5532
5533
5626
5675
5131
5132
5133
5356
5534
5627
5676
5628
5629
5677
5631
5632
5633
5838
5837
6082
6135
6136
6340
6339
6338
6337
6336
6335
6334
6333
6332
6423
6330
6329
6776
6712
6713
6777
6993
6992
6991
6990
6989
7071
7135
7336
7335
7334
7333
7286
7257
7194
7132
7133
7134
6983
6985
6986
6987
6711
6623
6575
6478
6328
6326
6477
6574
6591
6622
6982
6981
6980
6979
6978
7126
7127
7128
7129
7130
7131
7193
7256
7255
7192
7191
7254
7190
7253
7327
7328
7329
7330
7331
7332
7356
7713
7714
7715
7717
7868
7869
7870
7871
7872
7718
7719
7873
7875
7876
8018
8017
8089
8016
8088
8184
8185
8186
8187
8347
8308
8188
8189
8309
8190
8568
8566
8565
8564
8563
8633
8562
8561
8560
8558
8557
8556
8555
8872
9007
9006
8871
8810
8909
8809
8752
8554
8183
8182
8180
8179
8178
8177
8176
8087
8015
7865
7866
7867
7712
7711
7710
7709
7864
8086
8175
8174
8084
8013
8012
8083
8173
8550
8552
8750
8807
9193
9194
9195
9280
9196
9197
9199
9200
9201
9202
9309
9310
9311
9313
9204
9205
9206
9207
9208
9048
8873
9008
9209
9210
9211
9049
8874
8839
8875
9216
9214
9213
9212
9557
9493
9492
9556
9389
9438
9437
9358
9453
9486
9487
9488
9489
9491
9555
9599
9818
9819
9821
9822
9823
9824
9941
9966
10033
10083
10050
10084
10034
9942
9826
9827
9600
9494
9360
9440
9495
9558
9559
9496
9281
9226
9225
9224
9223
9221
9220
9219
9218
8877
8876
8754
8724
8723
8569
8667
8668
8725
8755
8812
8726
8671
8571
8572
8574
8575
8576
8577
8578
8579
8580
8634
8581
8582
8584
8585
8587
8728
8758
8816
8817
8759
8673
8674
8675
8592
8591
8590
8588
8350
8202
8203
8312
8351
8204
8205
8098
8026
7887
7888
7889
7760
7759
7758
7756
7515
7262
7263
7137
7136
7024
7022
7261
7464
7754
7885
7886
8096
7975
7463
7513
7461
7460
7512
7750
7751
7752
7753
8201
8311
8200
7748
7747
7746
7744
7743
7742
7741
7458
7459
7013
7014
7075
7015
7016
7017
7018
7019
7021
6729
6731
6579
6578
6577
6784
6728
6727
6783
6726
6576
6725
6782
6723
6722
6781
6721
6720
6719
6343
6344
6345
6346
6347
6010
6083
6139
6348
6350
6426
6351
6352
6353
6354
6356
6357
6358
6359
6427
6360
6361
6362
6363
6364
6365
6367
6087
6141
6086
6085
6140
6084
5976
5940
5845
5844
5843
5842
5636
5679
5635
5634
5678
5839
5840
5841
5908
6137
6342
6341
6425
6714
6715
6716
6778
6717
6718
6779
7002
7001
7000
6999
6998
6997
7073
6996
6995
6994
7258
7450
7449
7506
7448
7447
7505
7446
7721
7722
7723
7724
7725
7726
7727
7728
7730
7731
7732
7733
7507
7451
7452
7508
7453
7259
7004
7005
7074
7006
7007
7009
7010
7011
7012
7260
7511
7457
7455
7510
7454
7739
7737
7736
7877
7734
7972
8020
8091
8348
8192
8193
8194
8195
8196
8197
8095
8094
8022
8092
8021
7878
7879
7880
7740
7881
7882
7883
8024
8198
8310
8349
8814
8878
9009
9010
9227
9228
9229
9230
9231
9050
8880
8881
9011
9051
8882
8883
8884
8885
8910
8818
8677
8678
8679
8680
8594
8595
8596
8597
8683
8682
8681
8762
8821
8761
8820
8887
8888
8889
8890
8891
8892
8893
8894
8822
8763
8684
8598
8599
8685
8686
8764
8823
8895
8896
9254
9282
9255
9256
9257
9258
9259
9260
9262
9365
9565
9606
9507
9566
9444
9445
9316
9317
9319
9263
9320
9394
9446
9513
9454
9508
9447
9448
9509
9510
9511
9449
9323
9322
9321
9266
9265
8912
8911
8831
8771
8832
8772
8614
8612
8611
8610
8609
8769
8829
8828
8903
8840
8696
8608
8768
8827
8767
8826
8901
8900
8899
8898
8897
8824
8765
8690
8691
8692
8693
8694
8606
8605
8604
8603
8602
8689
8688
8601
8313
8212
8102
8029
8101
8028
8100
8210
8209
8208
8207
8206
8099
8027
7890
7891
7892
7763
7762
7339
7338
7337
7264
7195
7138
7139
7265
7196
7266
7340
7341
7267
7268
7197
7141
7142
7143
7144
7029
7145
7146
7147
7198
7269
7270
7199
7033
7032
7031
7030
6787
6734
6626
6625
6786
7028
7027
7140
7026
6733
6732
6624
6580
6481
6480
6479
6370
6371
6372
6373
6374
6375
6376
6428
6377
6378
6379
6380
6381
6506
6627
6735
6736
6581
6628
6737
6739
7036
7035
7148
7149
7037
7150
7151
7152
7153
7154
7155
7204
7277
7205
7278
7360
7352
7351
7350
7349
7348
7347
7275
7203
7202
7274
7359
7346
7345
7273
7201
7200
7272
7358
7357
7344
7343
7342
7767
7768
7769
7770
7771
7772
7905
7904
7903
7902
7901
7900
8104
8031
7899
7898
7897
7766
7765
7764
7893
7895
7896
8030
8103
8213
8214
8215
8216
8217
8218
8032
8106
8219
8220
8221
8222
8223
8109
8035
8110
8227
8226
8225
8224
8108
8034
7906
7774
7775
7907
7908
7909
7776
7777
7910
7911
7778
7780
8036
8111
8038
8113
8228
8229
8230
8231
8232
8233
8234
8235
8236
8237
8238
8123
7923
7922
7921
7790
7789
7788
7787
7786
7919
7920
8039
8114
7918
7917
7916
7915
7914
7913
7781
7782
7784
7785
7361
7279
7206
7042
7041
7040
7039
7038
6788
6629
6630
6740
6789
6507
6530
6583
6631
6636
7043
7207
7280
7208
7281
7353
7354
7466
7925
8239
8699
8833
8712
8707
8706
8700
8636
8635
8615
8358
8357
8356
8355
8354
8353
8352
8314
8242
8240
8126
8125
8124
8115
8040
7979
7945
7932
7931
7926
7812
7811
7792
7524
7523
7522
7521
7520
7519
7516
7467
7362
7355
7289
7288
7287
7282
7209
7171
7163
7160
7159
7158
7078
7076
7047
6794
6793
6792
7046
7045
7157
7156
7044
6592
6632
6633
6634
6635
6585
6584
6482
6483
6484
6485
6009
5983
5986
5982
6008
6007
6006
5981
5949
5942
5881
5880
5879
5878
5877
5643
5644
5551
5684
5552
5193
5192
5191
5218
5190
5188
5187
5186
5185
5184
5183
5182
5181
4910
4772
4593
4443
4444
4445
4551
4550
4638
4697
4773
4774
4775
4911
4875
4776
4639
4552
4446
4447
4448
4449
4450
4452
4453
4777
4877
4778
5195
5194
5646
5685
5883
5882
5928
5929
5930
5931
5932
5884
5886
5553
5554
5555
5481
5358
5303
5301
5300
5299
5298
5196
4912
4594
4704
4779
4698
4553
4458
4457
4456
4455
4454
4153
4003
4199
4004
4005
3785
3784
3783
3684
3338
3197
3198
2921
2920
2807
3379
3337
3336
3378
3335
3683
3682
4002
4152
4198
4151
4150
4197
4149
4001
3673
3671
3670
3669
3668
3667
3707
3666
3665
3999
4144
4145
4195
4146
4147
4196
4148
4441
4440
4439
4438
4437
4436
4435
4434
4433
4432
4431
4637
4872
4909
5168
5297
5169
5170
5171
5173
5174
5175
5217
5176
5177
5178
4769
4770
4873
5179
5180
5357
5408
5478
5479
5550
5559
5549
5683
5870
5871
5872
5873
5874
5875
5876
6004
6092
6005
6146
6399
6398
6397
6396
6395
6394
6393
6429
6392
6391
6390
6389
6387
6386
6385
6384
6383
6382
6090
6145
6091
6003
5948
5927
5869
5642
5548
5682
5547
5641
5640
5546
5476
5296
5295
5475
5474
5165
5164
5294
5407
5473
5486
5545
5558
5638
5857
5858
5859
5860
5861
5862
5863
5864
5865
5866
5867
5868
5941
5980
6002
6144
6001
6089
6000
5999
6088
6142
5947
5926
5925
5924
5979
5978
5977
5856
5854
5853
5852
5851
5850
5909
5849
5848
5556
5557
5471
5405
5470
5404
5293
5292
5291
5157
5159
5160
4870
4765
4764
4763
4689
4690
4691
4633
4543
4542
4541
4540
4539
4419
4418
4416
4415
4537
4538
4632
4688
4687
4758
4759
4760
4761
4762
5156
5155
5288
5289
5290
5403
5469
5544
5543
5542
5541
5540
5539
5538
5537
5536
5535
5468
5402
5287
5286
5154
5153
5285
5284
5401
5467
5485
5466
5152
4868
4867
5151
5150
5149
5148
5147
5215
4905
4866
4865
4904
4864
4757
4756
4686
4631
4533
4534
4406
4407
4535
4536
4408
4409
4476
4410
4411
4412
4413
4414
4035
4034
4405
4404
4403
4402
4531
4532
4685
4630
4530
4529
4401
4399
4398
4629
4684
4750
4751
4752
4753
4754
4755
5145
5144
5143
5142
5140
5139
5138
5137
5136
5214
5135
5134
4863
4862
4861
4859
4858
4903
5130
5129
5128
5213
5127
5126
5125
5124
5123
5122
5121
5120
4747
4748
4857
4749
4592
4393
4394
4395
4397
4192
4032
4031
3976
4008
3975
3974
4131
4392
4391
4390
4389
4191
4130
4129
4190
4388
4387
4386
4385
4384
4383
4382
4528
4628
4856
4902
4527
4526
4682
4681
4591
4901
5112
5355
5460
5461
5398
5462
5399
5281
5280
5279
5278
5277
5276
5115
5116
5117
5118
5119
5282
5283
5464
5400
5463
5529
5530
5531
5624
5625
5834
5833
5832
5831
5830
5829
5907
5828
5827
5528
5527
5526
5525
5524
5523
5673
5621
5522
5672
5521
5620
5103
5104
5105
5106
5212
5107
5108
5109
5110
5111
4746
4854
4745
4744
4853
4900
5102
5101
5100
5275
5274
5098
5097
5273
5317
5354
5272
5095
5271
5397
5458
5516
5515
5617
5457
5093
4852
4851
4899
5092
5091
5090
5089
5088
5211
4850
4897
4849
5087
5086
5085
5084
5083
5081
5080
5079
5210
5078
5077
5075
5074
5073
5072
5071
5070
5069
5209
5068
5067
5066
5065
4838
4839
4893
4840
4841
4894
4843
4677
4844
4895
4845
4846
4896
4847
4678
4355
4357
4358
4474
4360
4361
4362
4363
4364
4366
4679
4702
4739
4740
4703
4521
4522
4523
4626
4680
4741
4742
4743
4627
4525
4524
4367
4368
4369
4370
4371
4372
4373
4374
4375
4186
4120
4121
4187
3971
4122
4376
4377
4379
4380
4381
4123
4188
4124
4126
4189
4127
4128
3972
3592
3591
3590
3589
3587
3586
3704
3585
3584
3582
3581
3580
3579
3578
3577
3703
3366
3309
3308
3365
3576
3575
3574
3573
4119
4118
4117
4185
4116
4115
4184
4114
3969
3753
3561
3560
3559
3557
3752
3835
3893
3968
3833
3892
3966
3965
3891
3832
3751
3556
3555
3554
3553
3552
3551
3550
3549
3548
3547
3546
3545
3544
3542
3541
3540
3539
3538
3537
3536
3535
3747
3534
3533
3532
3746
3745
3744
3825
3883
3957
3958
3884
3826
3885
3959
4026
4106
4107
4108
4109
4110
4111
4112
4113
3960
3886
3827
3749
3790
3828
3961
3887
3791
3829
3888
3962
3963
3889
3830
3750
3792
3831
3890
3964
4029
4028
4027
4354
4353
4352
4351
4350
4473
4349
4348
4347
4346
4344
4343
4342
4341
4472
4340
4338
4676
4337
4336
4335
4334
4333
4332
4470
4331
4330
4520
4519
4329
4182
4023
3951
3878
3821
3950
4007
4022
4181
4327
4562
4737
4738
4835
4890
4836
4837
4891
5064
5063
5062
5061
5060
5207
5058
5057
5270
5269
5353
5396
5352
5351
5395
5513
5512
5511
5510
5316
5483
5455
5782
5921
5920
5781
5661
5660
5594
5595
5596
5597
5454
5055
5265
5266
5267
5268
4834
4833
4736
4735
4624
4589
4625
4590
4518
4517
4588
4675
4325
4324
4323
4322
4321
4320
4096
4180
4095
4094
4179
4093
4318
4319
4469
4674
4828
4888
4829
4830
4889
4831
5054
5053
5052
5051
5050
5206
5049
5048
5453
5047
5046
5045
5044
5043
5042
5205
5041
5040
4827
4887
4826
4825
4886
4824
4673
4309
4088
4089
4177
4090
4310
4311
4468
4312
4313
4314
4315
4316
4317
4092
3946
4178
4091
3700
3491
3492
3493
3494
3495
3497
3498
3499
3500
3501
3701
3502
3503
3505
3506
3507
3360
3291
3290
3359
3289
3288
3287
3358
3286
3285
3357
3284
3283
3282
2821
2592
2593
2595
2596
2597
2598
2599
2474
2408
2600
2601
2602
2603
2822
2605
2606
2607
2608
2609
2475
2476
2409
2410
2477
2610
2611
2612
2613
2823
2615
2616
2617
2618
2619
2621
3139
3292
3293
3361
3294
3295
3362
3508
3947
3948
3735
3736
3737
3296
3297
3510
3738
3739
3511
3512
3513
4097
4183
3952
3741
3515
3516
3517
3518
3879
3953
4024
4101
4100
4099
4098
4102
4103
4104
4105
4025
3956
3882
3824
3789
3743
3822
3880
3954
3742
3519
3226
3146
3145
3058
2984
3144
3057
2983
2872
2871
2637
2639
2640
2641
2642
2643
2644
2645
2873
2935
2985
3059
2936
2986
3060
3147
3061
3149
3150
3062
2988
2876
2875
2874
2646
2647
2649
2650
2651
2652
2877
3203
3228
3227
3520
3521
3522
3523
3524
3525
3526
3527
3528
3529
3530
3229
3151
3064
2989
2990
3065
3152
3066
3153
3231
3298
3299
3300
3301
3232
3233
3234
3157
3156
3068
2939
2993
3155
3067
2992
2938
2880
2879
2878
2653
2654
2656
2657
2658
2659
2660
2661
2663
2664
2665
2666
2667
2371
2297
2218
2147
2092
2042
1863
1864
1865
1866
2093
2149
2221
2300
2299
2220
2148
2219
2298
2372
2373
2670
2669
2668
2882
2883
2671
2672
2673
2674
2675
2676
2376
2340
2375
2374
2301
2222
2150
2094
2043
1867
1869
2045
2151
2223
2302
2304
2224
2153
2046
1870
1871
1873
1560
1559
1487
1400
1486
1399
1332
1331
1398
1485
1558
1557
1483
1396
1330
1484
1397
1241
1037
1242
1243
1039
1040
1041
1244
1042
1043
1044
1045
1047
1048
1184
1248
1247
1246
1333
1401
1488
1642
1707
1643
1644
1708
1876
2048
1875
1874
2047
2154
2225
2305
2306
2685
2686
2687
2688
2689
2825
2683
2682
2889
2887
2681
2680
2679
2677
2886
2885
2884
2940
2994
3069
3158
3070
2995
2997
3072
3160
3161
3073
2998
2999
3074
3162
3204
3235
3562
3563
3302
3363
3303
3304
3364
3564
3565
3702
3567
3568
3569
3570
3571
3305
3306
3307
2696
2695
2826
2693
2692
2691
2690
2480
2423
1880
1879
1645
1489
1646
1709
1647
1648
1710
1649
1990
1883
1882
1881
2481
2482
2697
2698
2699
2700
3076
3310
3311
3367
3312
3313
3368
3314
3164
2710
2709
2708
2706
2705
2704
2827
2703
2702
2424
2425
2483
2308
2157
1890
1891
1991
2426
2484
2427
2428
2485
2429
2719
2718
2717
2716
2714
2713
2828
2712
2711
3315
3369
3316
3594
3595
3705
3596
3597
3598
3599
3600
3370
3317
3166
3318
3601
3756
3757
3758
3602
3603
3604
3760
3838
3896
3977
3978
3897
3839
3761
3606
3607
3608
3609
3762
3840
3899
3980
3981
3900
3841
3794
3764
3795
3842
3901
3982
3983
3902
3843
3765
3766
3796
3844
3903
3984
3904
3985
3986
4036
4037
4038
4133
4039
3988
3907
3987
3906
3846
3905
3845
3797
3767
3768
3769
3770
3627
3626
3625
3623
3622
3621
3620
3619
3618
3617
3616
3615
3614
3613
3612
3611
3610
3239
3173
3174
3082
3008
2899
2730
2731
2900
3009
3083
3175
3084
3176
3177
3085
3011
3010
2902
2901
2733
2734
2735
2736
2737
2738
2903
3086
3178
3240
3179
3087
3012
2906
2905
2739
2740
2742
2743
2907
2908
2909
2744
2745
2746
2747
2910
2911
2749
2944
3014
3092
3184
3244
3322
3321
3320
3319
3243
3242
3182
3090
3181
3089
3013
3088
3180
3205
3241
3630
3628
3771
3847
3908
3989
3990
4040
3991
3910
3909
3848
3772
3631
3632
3634
3635
3773
3774
3636
3637
3638
3639
3641
3642
3643
3644
3775
3798
3849
3911
3992
4041
4140
4138
4137
4136
4421
4544
4545
4422
4423
4424
4634
4692
4907
5162
5472
5406
5163
4693
4635
4425
3994
3913
3851
3993
3912
3850
3776
3645
3646
3647
3648
3777
3852
3914
3995
3997
4427
4546
4547
4548
4695
4694
4766
4767
4768
4696
4636
4430
4194
4143
4142
4193
4141
4042
4009
3998
3916
3854
3779
3780
3655
3654
3652
3651
3650
3778
3649
3248
3249
3250
3192
3206
3251
3323
3372
3324
3325
3373
3656
3657
3706
3658
3659
3661
3662
3663
3664
3326
3193
3327
3374
3328
3329
3375
3330
3194
3331
3376
3332
3674
3675
3708
3676
3677
3678
3679
3681
3377
3333
3334
3196
2792
2793
2794
2795
2796
2798
2799
2800
2832
2801
2802
2804
2805
2806
2461
2490
2462
2463
2491
2464
2334
2341
2391
2075
1978
1977
1976
1975
1974
1973
1993
1972
1971
1683
1722
1684
1685
1723
1686
1522
1523
1533
1580
1280
1279
1170
1169
1168
1167
1165
1164
1163
1191
1162
749
750
751
752
826
867
687
463
440
54
330
329
53
328
327
437
438
439
686
594
436
326
52
51
323
50
434
593
685
684
825
682
433
49
321
48
320
319
318
317
316
47
346
315
314
46
313
680
822
865
823
824
866
1144
1145
1189
1146
1147
1148
1149
1150
1151
1518
1678
1679
1153
1154
1190
1155
1156
1157
1158
1159
1160
1520
1682
2172
2333
1721
1681
1680
1720
1969
1968
1967
1966
2487
2488
2459
2460
2489
2831
2791
2790
2789
2788
2787
2786
2785
2784
2830
2783
2782
2486
2458
1960
1961
1963
1964
1992
1965
1719
1677
1676
1718
1675
1674
1517
1143
821
864
820
819
863
818
431
304
305
345
307
308
309
310
311
45
44
303
43
302
301
300
427
428
429
430
695
746
1136
1137
1188
1138
1139
1140
1141
1142
1717
1673
1672
1716
1671
1576
1575
1516
1425
1274
1275
1134
745
744
743
742
679
590
520
589
677
676
588
422
423
424
425
426
298
297
296
295
42
294
293
421
519
586
674
587
675
738
739
740
741
1130
1132
1133
1273
1351
1424
1515
1958
1957
1956
1955
2070
2171
2243
2329
2330
2331
2781
2780
2779
2778
2777
2776
2829
2775
2774
2917
2772
2771
2916
3022
3100
3191
3099
3021
3098
2950
3020
3190
3188
3096
3018
2948
2913
2914
2915
2769
2768
2767
2766
2765
2763
2762
2761
2760
2759
2758
2757
2756
2947
3017
3095
3187
3247
3246
3186
3094
3016
2946
3093
3185
3015
2945
2755
2754
2753
2752
2751
2750
2454
2455
2456
2457
2326
2240
2168
2169
2241
2327
2328
2242
2170
2069
1954
1953
1951
1950
2068
2067
1949
1948
1947
1946
1945
1944
1943
1942
1940
1939
2065
1938
1937
1936
1569
1570
1508
1417
1346
1509
1418
1347
1266
1267
1348
1419
1510
1571
1572
1573
1574
1423
1514
1350
1422
1513
1511
1420
1268
1269
1270
1271
1272
1129
1128
1126
1125
1124
1123
1122
1121
1265
1119
1118
1117
1116
1115
814
815
816
817
673
585
517
419
291
290
40
289
288
286
285
284
283
282
281
280
279
278
418
516
460
515
584
672
736
813
812
811
810
735
671
582
417
277
39
276
274
273
415
272
271
270
269
268
267
38
266
413
265
263
262
411
410
261
260
259
409
408
257
37
256
255
407
507
577
665
576
664
731
666
578
508
667
579
510
668
733
512
580
511
457
414
458
513
581
669
734
809
862
1110
1262
1112
1113
1114
1263
1293
1344
1415
1294
1345
1416
1507
1506
1343
1414
1505
1932
1933
1934
1935
2064
2099
2166
2323
2237
2238
2324
2453
2452
2451
2450
2388
2387
2386
2322
2236
2165
2098
2164
2235
2321
1931
1930
1928
1927
2063
2062
1926
1925
1924
1923
1922
1921
1920
1919
1917
1664
1662
1663
1665
1666
1667
1668
1669
1715
1670
1568
1501
1410
1341
1412
1503
1504
1413
1342
1261
1109
1108
1107
1106
1105
1260
1104
1103
1102
1101
1100
1099
1098
1097
1096
1259
1095
1094
1093
1092
1091
1090
1089
1088
1087
1086
1085
808
861
730
663
575
506
505
573
662
504
456
406
254
253
252
251
36
249
405
404
729
728
660
35
247
402
572
659
727
694
807
657
658
401
34
245
244
243
242
240
239
344
33
238
237
236
235
234
233
32
232
231
343
230
229
227
31
226
225
224
223
222
342
854
797
798
855
799
654
800
857
801
802
858
803
655
804
859
805
806
860
1064
1065
1186
1066
1067
1068
1069
1070
1072
1493
1073
1074
1187
1075
1076
1078
1079
1080
1081
1251
1252
1253
1254
1255
1257
1258
1409
1500
1567
1661
1660
1659
1658
1499
1408
1339
1407
1498
1565
1905
1906
1907
1908
1909
1911
1912
1913
1914
1915
1916
2060
2097
2161
2232
2317
2162
2233
2318
2319
2385
2446
2447
2449
2448
2445
2444
2443
2442
2383
2441
2440
2439
2382
2315
2230
2438
2437
2436
2435
2381
2727
2728
2729
2898
2943
3006
3080
3171
3170
3079
3005
2896
2897
2726
2725
2724
2723
2895
3004
3078
3169
3168
3371
3167
2893
2892
2721
2430
2310
2311
2312
2431
2432
2433
2434
2313
2379
2380
2314
2229
2159
2096
2160
2058
2057
2056
1904
1903
1902
1901
2055
2054
2053
1899
1562
1563
1564
1497
1338
1406
1337
1405
1336
1532
1496
1494
1657
1898
1897
1896
1895
1894
1893
1714
1656
1655
1713
1654
1653
1712
1652
1651
1711
1888
1887
1886
1885
1650
1491
1063
1061
1060
1059
1058
1057
1185
1056
1055
1054
1053
1052
1051
1050
1049
796
725
724
653
570
500
398
399
400
221
220
219
218
29
217
216
397
215
214
213
396
395
567
650
651
568
499
569
652
723
722
649
566
498
394
212
28
211
210
209
393
497
565
648
392
453
496
564
647
721
795
794
793
719
646
563
495
452
643
561
494
390
202
203
204
205
206
207
208
27
201
199
198
26
25
197
24
196
195
194
193
191
190
189
188
388
559
640
558
639
493
451
186
187
23
185
184
183
182
387
181
180
179
22
384
385
386
450
491
492
557
638
715
785
850
716
717
786
787
788
789
790
791
1012
1011
1010
1008
1007
1230
1229
1004
1005
1006
792
641
560
642
1019
1020
1021
1022
1023
1024
1235
1325
1391
1478
1326
1392
1479
1480
1393
1327
1290
1237
1236
1025
1026
1027
1028
1029
1030
1031
1032
1033
1034
1035
1036
1240
1239
1238
1291
1328
1394
1481
1555
1556
1862
1861
1860
1859
1858
1857
1856
1855
2041
2091
2146
2090
2145
2217
2296
2293
2215
2143
2039
2040
1853
1852
1851
1850
1849
1848
1847
1846
1845
2038
1844
1843
1842
1840
1839
1838
1837
2037
2036
1836
1835
1834
1637
1638
1639
1640
1554
1474
1387
1475
1388
1322
1323
1389
1476
1477
1390
1324
1234
1233
1232
1018
1016
1015
1014
1013
1231
1386
1473
1553
1636
1635
1633
1632
1552
1472
1385
1321
1384
1471
1551
1470
1383
1706
1469
1382
1320
1227
1228
1002
1001
1000
998
847
636
637
178
21
177
176
175
174
173
172
341
635
784
996
997
1467
1468
1820
2280
2339
2027
2028
1822
1823
1824
1825
1826
1827
1828
1830
1831
1832
1833
2034
2033
2032
2031
2030
2029
2087
2134
2281
2203
2135
2137
2205
2283
2284
2206
2285
2138
2207
2286
2208
2287
2209
2139
2288
2088
2140
2210
2211
2289
2290
2212
2141
2213
2291
2369
2089
2142
2214
2292
2370
2422
2421
2420
2419
2418
2417
2416
2415
2368
2367
2366
2365
2364
2363
2362
2414
2632
2867
2633
2634
2635
2636
2870
2869
2934
2981
2982
3056
3143
3225
3224
3142
3055
3202
3141
3054
2980
2630
2629
2628
2627
2626
2479
2413
2412
2478
2625
2624
2824
2623
2622
2411
2279
2132
1812
1813
1989
1814
1815
1817
1818
1819
1629
1628
1705
1626
1625
1704
1623
1466
987
988
1183
990
991
992
993
994
845
783
782
844
781
633
171
170
20
169
168
167
166
165
164
19
340
162
161
160
159
158
157
17
155
154
339
153
152
630
773
840
774
775
841
776
631
777
842
778
779
843
780
986
984
983
982
981
980
978
977
1182
1622
1810
1809
1808
1807
1703
1620
1619
1702
1617
1988
1805
1804
1803
1802
1801
1613
1700
1614
1615
1701
1616
1465
976
975
974
973
972
971
1181
970
969
967
1464
1612
1699
1611
1610
1698
1798
1799
2276
2275
2129
2024
1609
1549
1530
1225
960
961
1180
962
963
964
965
966
772
839
771
770
838
769
712
338
147
148
150
151
16
146
145
144
143
15
14
142
380
692
628
553
488
379
141
140
139
378
487
552
627
711
626
551
449
486
377
138
13
137
136
376
135
134
133
448
485
550
625
710
945
946
947
948
949
950
952
953
954
955
956
957
959
1223
1224
1462
1319
1380
1461
1607
1606
1605
1604
1602
1601
1600
1599
1548
1460
1379
1222
944
942
1221
1318
1378
1459
1547
1458
1377
1317
1289
1457
1376
1316
1315
1375
1456
1546
1455
1374
1313
1288
1314
1217
1218
1219
1220
941
940
939
937
936
935
934
933
932
931
930
1216
929
707
621
546
481
446
482
547
622
447
483
548
623
708
624
549
484
375
132
131
12
130
373
129
128
127
126
372
371
125
124
123
11
122
370
121
120
119
118
479
543
618
477
445
369
117
116
115
114
10
113
112
111
110
109
366
365
108
107
105
104
103
9
102
101
100
361
363
364
474
538
613
537
612
702
764
765
766
767
703
614
539
475
540
615
918
917
916
915
914
913
912
911
910
909
1206
1207
1366
1306
1209
1210
1367
1448
1447
1446
1365
1305
1304
1364
1285
1303
1445
1541
1444
1205
908
907
906
905
1204
1203
1442
1742
1743
1744
1745
1594
1595
1596
1694
1747
1749
2000
1999
1998
1996
1995
2253
2338
2342
2104
2176
2105
2177
2106
2254
2178
2107
2179
2255
2256
2180
2108
2080
2001
1750
1751
1752
1753
1754
1755
1756
1757
2002
2109
2181
2257
2347
2258
2182
2110
2260
2183
2112
2003
2004
1764
1763
1762
1761
1759
1758
1543
1449
1368
1307
1211
1286
1308
1369
1450
1544
1451
1370
1309
1212
921
920
919
704
616
541
476
444
367
368
542
617
705
706
480
545
620
768
833
924
923
922
1213
1452
1371
1310
1214
925
926
927
928
1215
1312
1373
1454
1287
1311
1372
1453
1545
1775
1776
1778
1779
1780
1781
1782
1783
2014
2015
2016
1784
1785
1786
1787
1788
1789
2017
2122
2194
2270
2271
2358
2272
2273
2274
2198
2126
2197
2125
2124
2196
2195
2123
2085
2018
1790
1792
2019
2020
1793
1794
1795
1796
2021
2023
2127
2199
2128
2200
2360
2359
2583
2584
2820
2585
2586
2588
2589
2590
2591
3137
3278
3279
3355
3280
3281
3356
3487
3488
3489
3490
3944
4176
4087
4086
4175
4085
4302
4303
4467
4304
4305
4306
4307
4308
4821
4822
4885
4823
5038
5451
5588
5770
5771
5772
5773
5590
5658
5591
5592
5659
5593
5938
5961
6247
6248
6249
6415
6250
6251
6252
6253
6254
6255
6057
5996
5995
6056
6118
6055
6054
6117
6053
5774
5775
5901
5776
5777
5778
5779
5780
5962
5963
5964
5783
5514
5599
5662
5600
5601
5663
5602
5603
5604
5664
5605
5606
5665
5607
5608
5609
5793
5792
6062
6122
6123
6282
6281
6419
6280
6279
6278
6277
6276
6275
6274
6272
6271
6418
6270
6269
6267
6266
6265
6264
6061
5965
5966
5791
5790
5789
5788
5787
5786
5902
5785
5784
6119
6058
6120
6059
6060
6121
6263
6262
6417
6261
6260
6465
6464
6463
6563
6562
6608
6609
6610
6680
6761
6681
6682
6762
6683
6914
6913
6912
6911
6607
6561
6462
6258
6259
6461
6524
6560
6590
6909
6907
6906
6905
6904
6903
6902
7063
6901
6900
6678
6760
6677
6676
6759
6675
6559
6674
6758
6673
6672
6757
6671
6558
6670
6891
6890
6889
6888
6755
6669
6668
6754
6667
6666
6557
6413
6233
6234
6235
6236
6237
6238
6239
6240
6414
6242
6243
6244
6245
6246
6116
6052
6051
6115
6114
6232
6231
6230
6050
6113
6229
6228
6227
6226
6225
6412
6224
6223
6222
6556
6664
6665
6753
6752
6663
6662
6751
6661
6660
6750
6221
6220
6219
6218
6217
6411
6216
6215
6046
6112
6047
6048
5958
5763
5762
5449
5581
5654
5582
5583
5655
5027
5028
5029
5030
5450
5584
5765
5766
5767
5768
5900
5769
5585
5656
5586
5657
5587
5037
5036
5035
5034
5033
5204
5032
5031
4884
4820
4732
4731
4819
4670
4671
4623
4513
4514
4301
4300
4299
4298
4297
4296
4295
4294
4466
4882
4817
4818
4883
5026
5025
5203
5024
5023
5022
5021
5019
4816
4729
4728
4668
4622
4509
4587
4621
4667
4814
4815
5010
5011
5012
5014
5015
5016
5017
5018
5264
5350
5394
5448
5576
5577
5578
5579
5580
5653
5761
5760
5759
5758
5757
5899
6045
6111
6044
6043
6110
6109
6040
5957
6041
6042
5946
5754
5755
5756
5575
5574
5572
5571
5509
5753
5752
5751
5750
5749
5898
5748
5746
5745
5507
5508
5444
5389
5443
5442
5569
5743
5742
5741
5740
5739
5897
5737
5736
5735
5734
5733
5732
5731
5730
5896
5729
5728
5919
5918
5937
5945
5936
5917
5916
5935
5944
5993
5992
5991
5990
5984
5933
5915
5914
5955
5954
5943
5912
5913
5725
5724
5723
5722
5721
5720
5719
5718
5717
5894
5716
5715
5498
5499
5425
5327
5372
5308
5424
5371
5240
5241
4945
4946
4947
5242
5328
5373
5426
5427
5374
5329
5243
5244
5309
5330
5428
5500
5375
5331
5332
5376
5429
5430
5377
5333
5245
5246
5247
4958
4957
4956
4955
4954
4953
4952
4951
4950
4949
4948
4719
4720
4655
4608
4572
4656
4609
4573
4497
4247
4248
4249
4250
4251
4252
4253
4254
4255
4014
4015
4016
4060
4061
4062
4063
4017
4064
4065
4066
4067
4262
4502
4614
4579
4613
4578
4558
4501
4500
4261
4260
4259
4258
4257
4256
4577
4612
4658
4700
4723
4724
4725
4660
4615
4581
4580
4503
4263
4264
4504
4265
4266
4267
4268
4076
4077
4078
4079
4080
4172
4277
4507
4276
4275
4274
4273
4272
4271
4270
4269
4505
4506
4560
4585
4619
4664
4727
4726
4663
4618
4584
4617
4662
4583
4559
4582
4616
4661
4813
4881
4984
4983
4982
4981
4980
4979
4978
5256
4977
4976
4975
4974
4973
4972
4971
5254
5255
5311
5339
5384
5312
5340
5439
5385
5438
5437
5436
5383
5338
5253
5252
5251
5250
4963
4965
4966
4967
4968
4969
4970
4812
4811
4810
4809
4722
4575
4498
4557
4574
4611
4657
4808
4807
4806
4805
4962
5249
4961
4960
5248
5334
5378
5431
5379
5432
5501
5433
5380
5335
5310
5336
5337
5382
5435
5381
5434
5502
5503
5504
5505
5562
5563
5564
5565
5506
5440
5386
5341
5313
5257
5342
5566
5567
5568
5441
5387
5343
5388
5344
5345
5314
5259
5258
4986
4987
4988
4989
4991
4992
4993
4994
4995
4996
4997
4998
4999
5260
5315
5346
5390
5347
5445
5391
5348
5261
5262
5392
5446
5447
5393
5349
5263
5009
5008
5007
5006
5004
5003
5002
5001
5000
4666
4586
4620
4665
4701
4561
4278
4279
4281
4508
4282
4283
4284
4285
4286
4288
4289
4510
4511
4293
4292
4291
4290
4020
3941
4006
3940
3874
3816
3939
3873
3815
3814
3872
3938
3813
3871
3937
3936
3870
3812
3811
3869
3935
3934
3868
3810
3724
3725
3726
3728
3462
3461
3460
3459
3458
3457
3455
3454
3453
3452
3451
3450
3449
3448
3447
3446
3445
3444
3722
3723
3808
3866
3932
3865
3931
4019
4075
4074
4073
4072
4071
4070
4069
4068
3930
3864
3720
3429
3428
3427
3426
3425
3424
3423
3422
3421
3420
3418
3717
3718
3861
3805
3787
3719
3806
3862
3929
3928
3927
3925
3803
3860
3802
3859
3801
3713
3714
3716
3352
3110
3111
2838
2839
2840
3113
3027
2953
2841
2528
2529
2530
2531
2843
2842
3029
3114
3208
3115
3030
2954
2844
2532
2533
2534
2535
2845
2925
2955
3116
3031
3032
3117
3033
3118
2956
2926
2846
2847
2849
2850
2851
2960
3036
3121
3120
3035
2959
3034
2957
3119
3213
3212
3211
3210
3431
3432
3433
3434
3435
3436
3437
3439
3440
3441
3442
3443
3270
3214
3215
3123
3037
3122
2961
2927
2962
3038
3124
3039
2963
2928
2852
2552
2553
2555
2556
2557
2853
2965
3040
3126
3127
3041
2930
2966
3043
3128
3216
3217
3218
3129
3044
2967
2856
2855
2854
2558
2559
2560
2561
2562
2563
2857
2968
3045
3130
3046
3131
3220
3271
3272
3273
3274
3463
3729
3465
3466
3730
3467
3468
3469
3731
3732
3470
3472
3473
3474
3475
3476
3698
4081
4173
4082
4083
4174
4084
3943
3699
3486
3485
3483
3482
3481
3479
3478
3477
3354
3277
3276
3353
3275
3135
3050
2975
2863
2864
2582
2581
2580
2579
2578
2577
2862
2974
3049
3134
2973
2932
2972
3048
3133
3222
3221
3132
3047
2970
2931
2971
2861
2576
2575
2574
2573
2572
2571
2570
2568
2859
2858
2565
2566
2567
2357
2356
2268
2192
2120
2191
2267
2355
2354
2353
2352
2351
2350
2262
2186
2115
2083
2006
2116
2187
2263
2264
2188
2189
2265
2266
2190
2118
2084
2119
2013
2012
2011
2009
2008
2007
1774
1772
1771
1770
1769
1768
1767
1766
1765
2005
2114
2184
2082
2113
2261
2348
2407
2473
2551
2550
2549
2548
2547
2546
2545
2544
2542
2541
2540
2539
2538
2537
2406
2405
2404
2403
2346
2345
2344
2343
2526
3109
2525
2402
2472
2401
2400
2471
2399
2524
2523
2522
2521
2520
2819
2519
2518
2517
2516
2515
2514
2513
2512
2818
2511
2510
2509
2468
2397
2398
2470
2251
2102
1738
1739
1987
1740
1741
1539
1441
1362
1301
1201
904
903
902
700
699
606
533
605
532
469
353
354
355
470
534
607
608
535
701
763
832
610
611
359
360
8
7
98
97
96
95
94
6
92
93
358
472
471
443
357
356
91
90
88
87
86
4
84
3
78
79
80
81
82
352
468
531
604
698
690
603
762
1179
890
891
892
893
894
895
896
897
1198
1199
898
900
901
1200
1284
1300
1361
1440
1299
1359
1438
1538
1437
1358
1436
1593
1692
1592
1591
1691
1590
1435
1589
1737
1736
1735
1734
1986
1732
1731
1730
1729
1728
1690
1588
1587
1689
1586
880
881
1178
882
883
884
885
886
887
888
889
830
760
759
829
758
757
602
337
77
76
75
2
74
73
72
70
69
336
68
67
66
1
65
64
63
61
60
0
58
59
349
465
528
599
598
348
347
57
56
442
335
334
333
55
332
331
441
464
526
596
689
753
527
597
696
697
868
869
1193
1297
1356
1431
1528
1535
1432
1357
1298
1194
1195
870
871
872
873
1177
874
875
876
877
878
600
529
466
350
351
467
530
601
754
827
755
756
828
879
1434
1585
1688
1584
1583
1687
1582
1727
1726
1725
1724
1994
2101
2174
2248
2249
2250
2494
2495
2816
2496
2497
2498
2499
2500
2501
2502
2503
2466
2396
2467
2508
2507
2506
2505
2504
2817
3026
3257
3345
3256
3255
3344
3382
3383
3694
3384
3385
3386
3387
3388
3389
3857
4048
4049
4167
4050
4051
4052
4221
4222
4223
4485
4484
4599
4646
4567
4600
4647
4712
4711
4645
4598
4565
4483
4220
4219
4218
4217
4482
4597
4644
4710
4796
4795
4794
4793
4792
4791
4790
4789
4709
4643
4596
4564
4554
4481
4595
4642
4708
4788
4787
4786
4785
4784
4783
4782
4781
4706
4705
4699
4478
4479
4201
4202
4203
4204
4205
4206
4207
4208
4209
4210
4211
4212
4213
4214
4215
4216
4166
4047
4046
4164
4045
4044
4163
4043
4011
4010
3919
3711
3710
3381
3380
3709
3799
3856
3918
4162
4161
4160
4159
4158
4157
4156
4155
4154
3693
3692
3691
3690
3689
3688
3687
3686
3685
3680
3672
3782
3855
3917
4000
3996
3915
3853
3781
3660
3653
3640
3633
3629
3624
3605
3763
3759
3755
3583
3593
3238
3172
3081
3007
3003
2894
2904
2732
2741
2748
2764
2770
2773
2918
2912
2949
3019
3097
3189
3091
3183
3245
3252
3195
3101
3023
2919
2797
2803
3024
3102
3199
3103
3200
3253
3340
3341
3342
3343
3104
3025
2951
3201
3207
3254
2834
2833
2493
2492
2815
2814
2813
2812
2923
2922
2808
2810
2811
2395
2394
2393
2392
2390
2389
2335
2245
2246
2336
2337
2247
2173
2100
2077
2076
1979
1981
1982
2078
2079
1984
1983
1985
1527
1430
1355
1354
1429
1525
1581
1579
1524
1428
1427
1296
1353
1521
1519
1426
1352
1278
1281
1282
1283
1176
1175
1174
1173
1172
1171
1166
1161
1152
1276
1577
1512
1421
1349
1295
1135
1131
1127
1120
1111
1264
1256
1084
1083
1082
1077
1071
1250
1292
1335
1404
1340
1411
1502
1566
1495
1492
1561
1490
1402
1403
1334
1249
1062
856
726
732
737
747
748
683
522
591
678
518
521
461
420
432
462
523
592
524
688
595
525
435
325
324
322
312
306
299
41
292
287
275
264
258
250
412
509
459
514
583
670
574
661
503
455
502
403
248
246
241
228
30
200
192
382
383
389
391
454
501
571
656
720
562
645
718
853
852
851
849
848
846
714
713
837
836
835
834
709
629
554
489
632
555
693
634
556
490
381
163
18
156
149
374
478
544
619
691
609
536
473
362
106
99
5
89
85
83
71
62
416
644
681
761
831
899
1197
1196
1192
1277
1433
1526
1531
1578
1534
1536
1537
1540
1529
1443
1439
1360
1363
1302
1202
1208
938
943
951
958
1226
968
979
985
989
995
999
1003
1009
1017
1038
1046
1245
1329
1395
1482
1641
1634
1631
1630
1627
1624
1621
1618
1550
1463
1381
1542
1693
1695
1696
1697
1597
1598
1603
1608
1800
1797
1791
2022
2025
1806
1811
1816
1821
1829
2026
2086
2131
2278
2202
2133
2282
2204
2136
2035
1841
1854
2044
1868
1872
1877
1878
1884
2049
2155
2226
2303
2152
2095
2144
2216
2295
2377
2307
2156
2227
2309
2228
2158
2051
1889
1892
1900
2052
2059
2061
1910
1918
1929
2066
1941
1952
1959
2071
2072
1962
1970
2074
2073
2244
2332
2167
2325
2239
2320
2234
2163
2231
2316
2384
2722
2720
2715
2891
2707
2701
2694
2684
2678
2888
2941
3000
3163
3075
3001
3002
2942
3077
3165
3236
3159
3071
2996
2991
3148
3063
2987
2937
2881
2662
2655
2648
2638
2868
2631
2361
2277
2201
2130
2010
1777
1773
1760
1748
1997
1746
1733
1980
2050
2294
2378
2465
2469
2252
2175
2103
2081
2111
2259
2185
2117
2121
2193
2269
2349
2543
2536
2527
2837
2836
3106
3105
2835
2809
2890
3154
3237
3339
3588
3390
3712
3715
3721
3786
3804
3863
3807
3809
3867
3933
4018
3926
3800
3858
3922
3920
4165
4125
4480
4549
4563
4640
4771
4707
4717
4721
4610
4569
4603
4566
4492
4499
4576
4659
4730
4733
4734
4672
4669
4280
4287
4512
4515
4516
4326
4328
4471
4339
4345
4021
3945
3876
3819
3734
3504
3496
3484
3480
3471
3464
3733
3818
3875
3942
3817
3788
3727
3456
3438
3430
3419
3417
3413
3209
3112
3028
2952
2924
2958
2848
2554
2564
2569
2860
2969
3042
2929
2964
3125
3219
3136
3051
2976
2865
2587
2594
2604
2614
2620
2866
2979
3053
3140
2978
3052
2933
2977
3138
3223
3230
3531
3514
3509
3740
3820
3877
3949
3955
3881
3823
3748
3543
3558
3566
3572
3754
3793
3834
3967
4030
3894
3836
3837
3895
3970
3973
3898
3979
4033
4132
4134
4135
4139
4417
4420
4426
4428
4429
4442
4451
4459
4460
4477
4461
4462
4463
4464
4465
4200
4641
4780
4914
4880
4879
4913
5198
5197
4878
4876
4874
4908
4871
4869
4906
4860
4855
4683
4475
4400
4396
4378
4365
4359
4356
4898
4848
4842
4892
4832
5039
5452
5589
5573
5652
5764
5960
5959
5747
5744
5738
5727
5726
5714
5895
5710
5561
5651
5570
5020
5013
5005
4990
4985
5202
4964
4959
5237
5228
5221
5113
5220
5302
5477
5410
5622
5890
5687
5911
5967
5951
5987
6022
6103
6030
6036
6108
6049
6190
6441
6435
6431
6151
6402
6565
6532
6535
6593
6595
6598
6649
6553
6756
6679
6763
6686
6241
6256
6257
6416
6268
6273
6287
6293
6298
6315
6130
6076
5824
5826
5846
5847
5910
5855
5681
5639
5637
5680
5630
5465
5623
5671
5618
5612
5666
5598
5056
5059
5208
5076
5082
5094
5096
5099
5114
5141
5146
5216
5158
5161
5166
5167
5172
5189
5480
5645
5885
5887
5888
5889
6093
6094
6147
6400
6401
6430
6403
6404
6405
6406
6407
6148
6149
6150
6152
6408
6153
6154
6155
6156
6157
6531
6409
6160
6159
6158
6095
6012
6013
6096
6014
5952
5695
5694
5693
5692
5691
5690
5891
5689
5688
5488
5487
5411
5409
5560
6011
5950
5934
5650
5649
5648
5686
5647
5219
5199
5200
5201
4915
4916
4917
5222
5223
5224
5359
5412
5489
5490
5413
5360
5318
5319
5361
5414
5362
5415
5416
5363
5230
5229
5227
5226
5225
4918
4919
4920
4921
4922
4923
4924
4925
4926
5231
5320
5364
5417
5492
5491
5696
5697
5892
5698
5699
5700
5701
5702
5703
5494
5493
5418
5365
5321
5304
5305
5322
5366
5419
5420
5367
5323
5306
5233
5232
4927
4928
4929
4930
4931
4932
4933
4934
4935
5234
4936
4937
4938
5236
5325
5369
5422
5482
5497
5423
5370
5326
5238
5239
4941
4942
4943
4944
4716
4604
4650
4715
4801
4802
4803
4804
4718
4651
4605
4652
4606
4568
4491
4493
4494
4555
4570
4607
4653
4654
4571
4556
4496
4495
4244
4245
4246
4013
4012
3924
3923
3416
3269
3351
3268
3267
3350
3266
3108
3265
3349
3264
3263
3348
3262
3107
3261
3347
3260
3259
3346
3258
3391
3392
3695
3393
3394
3395
3396
3397
3398
3399
3400
3401
3696
3402
3403
3404
3405
3406
3407
3408
3409
3697
3410
3411
3412
3414
3415
4058
4171
4059
4243
4242
4241
4240
4239
4238
4057
4170
4056
3921
4055
4169
4054
4053
4168
4226
4227
4228
4229
4230
4231
4232
4233
4234
4235
4236
4237
4490
4489
4488
4487
4225
4224
4486
4648
4601
4602
4649
4713
4714
4797
4798
4799
4800
4940
4939
5235
5307
5324
5368
5421
5495
5496
5704
5705
5893
5706
5707
5708
5709
5711
5712
5713
6023
6024
6025
6101
6026
6027
6102
6028
6029
5988
5989
6184
6185
6186
6445
6187
6188
6189
6446
6497
6517
6543
6601
6830
7169
7177
7220
7093
6831
6832
7094
7095
7096
6833
6834
7097
7098
7099
6602
6547
6520
6548
6521
6500
6501
6522
6549
6835
6836
6838
6839
6840
6841
6842
6844
6845
6846
6847
7102
7101
7100
7170
7178
7225
7379
7378
7377
7376
7301
7300
7299
7224
7223
7222
7221
7284
7298
7828
7829
7569
7570
7571
7572
7801
7573
7574
7575
7576
7578
8322
8257
8256
8321
8255
8416
8415
8414
8413
8412
8625
8411
8410
8409
8408
8407
8406
8405
8404
8403
8624
8402
8401
8644
8643
8642
8641
8400
8399
8398
8397
8396
8395
8394
8393
8623
8392
8391
8389
8388
8387
8386
8252
8319
8251
8050
7549
7548
7547
7546
7545
7544
7799
7543
7542
7541
7540
7539
7538
7537
7536
7798
8243
8315
8244
8245
8316
8369
8368
8367
8366
8365
8620
8364
8363
8362
8361
8360
8359
8619
8705
8731
8775
8836
8841
8913
8842
8776
8732
8637
8638
8047
7986
7949
7948
7985
8046
8045
7984
7947
8044
7983
7946
7813
7814
7816
7817
7531
7532
7533
7534
7535
7472
7471
7366
7367
7368
7369
7370
7473
7371
7372
7474
7373
7211
7212
7283
7213
7214
7290
7291
7292
7293
7551
7552
7800
7553
7554
7555
7556
7557
7558
8051
8253
8320
8254
8052
8128
8129
8130
8131
8132
8133
8134
8135
8136
8137
8056
7954
7992
7953
7991
7952
7826
7825
7933
7824
7823
7566
7565
7564
7822
7990
8055
8053
7988
7819
7820
7821
7563
7562
7561
7560
7294
7295
7296
7374
7475
7297
7219
7176
7168
7162
7092
6829
6828
6827
6825
6823
6822
6821
7091
7090
7175
7218
7174
7167
7089
6820
6819
6818
6817
6816
6815
6814
6594
6536
6510
6490
6434
6436
6491
6511
6537
6596
6597
6539
6587
6540
6599
6600
6494
6514
6493
6486
6442
6443
6495
6515
6541
6542
6516
6496
6487
6444
6183
6182
6181
6180
6179
6178
6177
6176
6438
6439
6440
6492
6513
6538
6512
6437
6175
6174
6173
6172
6100
6021
6020
6099
6019
5953
6018
6098
6017
6016
6097
6015
6161
6162
6163
6164
6165
6166
6167
6168
6432
6169
6170
6171
6433
6489
6509
6534
6586
7085
7086
7165
7088
7161
7166
7217
7216
7173
7215
7172
7164
7084
7083
7082
7081
6813
6646
6647
6533
6508
6488
6747
6645
6644
6746
6812
6811
6810
6809
6808
7056
6807
6806
6643
6642
6805
6804
6803
6802
6801
6745
6641
6640
6744
6639
6638
6637
6800
6799
7055
6798
6797
6796
6795
6791
6743
7054
7053
7052
7051
7050
7077
7049
7048
7034
6790
6742
6741
6738
6582
6388
6369
6368
6366
6143
6138
6355
6349
6424
6331
6327
6571
6710
6780
6724
6730
6785
7025
7023
7020
7008
7003
7072
6988
6984
7247
6968
6950
6944
6939
6708
6769
6694
6926
6921
7064
6910
6908
6883
6865
6859
6854
6843
6837
7057
6826
6824
7087
7080
7079
6971
7210
7271
7444
7859
7928
7815
7950
7987
8049
8105
8072
8171
8241
8127
8138
8119
8057
7993
7955
7994
8058
8139
8325
8327
8330
8332
8120
8062
7835
7831
7830
7577
7568
7567
7827
7951
7989
8054
7818
7550
7559
7375
7476
7381
7387
7477
7400
7234
7413
7492
7421
7428
7499
7443
7445
7509
7456
7462
7514
7465
7276
7468
7517
7469
7470
7518
7363
7364
7365
7530
7529
7528
7527
7526
7930
7525
7797
7929
7927
7924
7912
7894
7761
7755
7757
7773
7779
7783
7791
7793
7794
7795
7796
7982
8043
8118
7981
8042
8117
8116
8041
7980
7978
8037
8112
7977
8033
8107
8211
8199
8191
8181
8085
8014
7970
8090
8019
7971
7942
7943
7973
8093
8023
7974
8097
8025
7976
7944
7884
7749
7745
7738
7735
7729
7874
7720
7716
7708
7703
7700
7693
7687
7682
7678
7673
7664
7659
7649
7639
7635
7630
7838
7850
7852
7964
8004
8071
7963
7938
7937
7962
8003
8070
7961
7936
7957
7999
8066
8148
8153
8159
8161
8076
8008
7965
7939
7940
7860
7941
7969
7968
8009
7966
8080
8166
8169
8548
8551
8553
8559
8567
8570
8573
8670
8666
8721
8751
8808
8811
8753
8722
8756
8813
8815
8757
8727
8711
8672
8583
8586
8589
8676
8593
8600
8687
8695
8697
8607
8613
8698
8701
8702
8703
8616
8617
8618
8704
8730
8774
8835
8834
8773
8770
8830
8908
8907
8906
8905
8904
8902
8825
8766
8729
8760
8819
8886
8879
9215
9217
9222
9236
9241
9246
9315
9261
9264
9318
9364
9393
9443
9455
9503
9441
9392
9362
9335
9314
9334
9359
9390
9439
9497
9490
9485
9431
9384
9357
9300
9307
9308
9387
9435
9436
9388
9312
9203
9198
9192
9183
9180
9172
9167
9165
9157
9155
9150
9146
9143
9036
8791
8652
8709
8716
8741
8794
8859
8864
8798
8745
8717
8710
8718
8803
8748
8719
8663
8661
8536
8534
8527
8525
8516
8490
8468
8464
8459
8455
8444
8439
8434
8425
8645
8713
8734
8781
8837
8843
8780
8733
8640
8390
8382
8379
8373
8639
8669
8793
8919
8922
8925
9061
9267
9302
9424
9477
9567
9943
10021
10038
9907
9910
9628
9633
9638
9641
9571
9403
9370
9339
9288
9074
9079
9086
9089
9027
9024
9023
9020
8848
8849
8785
8736
8786
8737
8714
8708
8646
8647
8850
8963
8967
8972
8976
9103
9112
9117
9127
9131
9137
9140
9142
9292
9330
9331
9349
9378
9420
9468
9470
9423
9379
9351
9332
9350
9298
9299
9353
9333
9354
9427
9380
9355
9382
9429
9472
9471
9758
9765
9934
9937
9773
9785
9788
9791
9795
9806
9809
9814
9820
9825
9831
9836
9840
9847
9853
9858
9861
9871
9876
9879
9880
9881
9882
9951
9950
9946
9971
9991
9969
9990
10040
10041
10044
9992
9972
9973
9993
10045
10046
9994
9974
9952
9953
9955
9975
9995
10047
10052
9996
9909
9908
9608
9607
9886
9885
9884
9883
9512
9450
9395
9366
9324
9325
9451
9396
9367
9326
9268
9269
9270
9271
9052
9053
9054
9055
9285
9284
9337
9369
9283
9336
9368
9397
9398
9399
9400
9514
9568
9618
9619
9620
9621
9888
9622
9623
9624
9625
9626
9627
9515
9570
9569
9056
9057
9058
9059
9272
9060
9015
8921
8920
9014
8918
8917
9013
9012
8914
8915
8916
8777
8370
8246
8048
8247
8248
8317
8371
8372
8621
8374
8375
8376
8377
8378
8380
8318
8249
8250
8385
8384
8622
8383
8381
8778
8923
8924
9016
8926
8927
9017
8928
8779
8929
9018
8930
8931
9019
9273
9067
9066
9286
9402
9456
9517
9573
9518
9519
9574
9520
9404
9405
9340
9287
9075
9073
9072
9071
9070
9069
9068
8932
8782
8783
8735
8784
8844
8845
8846
8847
8933
9021
8934
8935
9022
8936
8937
8938
9025
8939
8940
9026
8941
8942
8943
9028
8944
8626
8420
8419
8418
8417
8258
8259
8260
8323
8421
8422
8423
8424
8426
8427
8428
8429
8430
8627
8431
8432
8947
8946
8945
9029
9088
9087
9525
9578
9579
9580
9673
9893
9671
9670
9669
9668
9666
9665
9664
9663
9662
9892
9661
9660
9659
9658
9657
9656
9654
9653
9891
9652
9651
9915
9913
9912
9649
9575
9521
9576
9522
9523
9577
9524
9406
9407
9085
9084
9083
9082
9081
9080
9274
9078
9077
9076
9648
9911
9647
9646
9645
9644
9643
9642
9890
9640
9639
9998
10113
10115
9637
9401
9338
9065
9064
9063
9062
9516
9572
9636
9635
9634
9632
9631
9889
9630
9629
9997
10107
10109
10210
10110
10112
10211
10280
10279
10278
10277
10276
10275
10510
10274
10273
10271
10628
10735
10734
10816
10733
10732
10815
11096
11097
11098
11099
11144
11166
11145
11167
11146
11188
11243
11242
11241
11240
11239
11141
11095
10731
10730
10627
10263
10264
10265
10509
10266
10267
10268
10269
10270
10209
10106
10105
10208
10104
10103
10102
10207
10101
10100
9617
9616
9615
9614
9613
9887
9612
9611
9610
9609
10099
10206
10262
10261
10260
10259
10258
10508
10257
10256
10255
10254
10253
10522
10252
10507
10506
10565
10564
10505
10504
10503
10502
10500
10497
10488
10478
10472
10460
10202
10200
10199
10196
10193
10192
10190
10188
10186
10184
10182
10181
10177
10176
10174
10172
10069
10027
9988
9963
9987
10022
10063
10056
10055
10054
10005
9977
9957
9978
10006
10007
9979
9958
9954
9918
9917
9916
9667
9672
9682
9688
9697
9706
9711
9920
9980
10008
10010
9982
9960
9984
10013
10016
9986
9962
9921
9926
9933
9743
9735
9728
9725
9720
9461
9459
9413
9375
9415
9377
9348
9346
9329
9345
9373
9412
9344
9328
9289
9098
9093
9327
9341
9408
9371
9342
9372
9409
9457
9655
9650
9914
9956
9976
10001
10116
10114
10111
10108
10272
10523
10524
10299
10305
10310
10316
10326
10337
10342
10533
10530
10574
10602
10635
10601
10634
10680
10640
10603
10575
10644
10604
10577
10567
10535
10355
10359
10361
10364
10369
10541
10378
10387
10393
10542
10568
10578
10647
10606
10579
10649
10690
10691
10692
10799
10584
10543
10409
10422
10440
10449
10854
10857
10860
10663
10621
10661
10588
10590
10591
10665
10622
10593
10562
10563
10594
10623
10666
10668
10624
10595
10569
10596
10625
10626
10865
10864
11143
11298
11351
11412
11411
11231
11165
10863
11078
11077
11076
11075
11069
11057
11041
11039
11025
11013
11008
10999
10989
10976
10971
10953
10940
10931
10917
10908
10899
10895
10758
10755
10751
10748
10824
10823
10674
10669
10630
10598
10570
10597
10629
10667
10673
10819
10822
10883
11148
11194
11150
11151
11373
11369
11480
11732
11779
11731
11463
11458
11441
11429
11422
11362
10872
10868
10866
11139
11117
11142
11203
11264
11290
11416
11715
11724
11788
12274
12344
12372
12278
12230
12231
12232
12281
12300
12282
12302
12334
12284
12236
12235
11975
11980
11985
11830
11783
11753
11785
11754
11733
11735
11502
11690
11689
11483
11495
11512
11534
11543
11390
11395
11204
11154
11155
11156
11396
11556
11737
11801
11738
11743
11574
11579
11593
11600
11613
11622
11632
11404
11401
11225
11159
11161
11163
11407
11649
11653
11657
11658
11659
11660
11413
11414
11415
11417
11352
11186
11187
11092
11091
11090
10867
10727
10813
10728
10729
10814
11093
11094
11233
11232
11237
11238
11420
11680
11679
11678
11419
11418
11677
11676
11728
11752
11729
11771
11819
11818
11751
11727
11726
11725
11770
11961
11960
11959
12016
12017
12018
12019
12020
12021
12022
12023
11820
11772
11773
11821
11822
11882
11774
11421
11423
11424
11425
11426
11427
11428
11430
11431
11661
11432
11433
11434
11435
11436
11662
11437
11438
11439
11440
11361
11363
11364
11299
11300
11301
11365
11442
11443
11444
11445
11663
11684
11683
11682
11681
11723
11825
11887
11888
11977
11976
11886
11824
11823
11814
11778
11777
11730
11776
11972
11883
11973
11884
11885
11974
12042
12041
12040
12039
12038
12037
11971
11970
11969
11968
11967
11966
11775
11962
11963
11964
11965
12032
12033
12034
12035
12036
12477
12437
12428
12476
12475
12436
12031
12030
12029
12028
12027
12026
12025
12024
12279
12298
12323
12426
12427
12435
12474
12555
12556
12557
12558
12559
12861
12885
12925
12983
13192
13193
13194
13195
12988
12779
12780
12781
12782
12864
12926
12991
12887
12863
12886
12862
12989
12990
13196
13197
13198
13759
13697
13691
13758
13696
13757
13690
13695
13756
13689
13191
13190
13189
13188
13187
13186
13131
13075
12554
12553
12552
12551
12550
12473
12434
12546
12547
12548
13071
13430
13429
13428
13427
13185
13608
13498
13516
13607
13819
13818
13816
13813
13810
13599
13508
13365
13351
13347
13174
13178
13381
13385
13510
13514
13398
13400
13408
13409
13410
13411
13412
13130
13074
13129
13073
13128
13183
13072
13180
12880
12977
12878
12720
12706
12699
12535
12429
12537
12467
12430
12738
12743
12758
12763
12544
12472
12545
12767
12768
12769
12433
12218
12217
12216
12213
12012
12015
11750
11749
11747
11812
12009
12194
12186
12179
12163
12153
12003
12000
11999
12096
12087
12080
12286
12106
12111
12118
12135
12138
12291
12289
12347
12528
12519
12675
12687
12875
12874
12951
12873
12661
12656
12635
12620
12612
12599
12597
12868
12867
12865
12933
13147
13233
13230
13142
13133
12560
12561
12566
12579
12582
12379
12378
12375
12374
12373
12549
12849
12860
12986
13060
13184
13487
13568
13602
13426
13431
13432
13609
13610
13433
13435
13502
13242
13256
13261
13280
13504
13569
13505
13304
13299
13162
13167
13171
13319
13330
13506
13807
13804
13799
13702
13701
13620
13619
13618
13823
13828
13831
13836
13840
13845
13850
13853
13858
13890
13895
13898
13903
13908
13913
13918
13919
13924
13929
13931
13963
13964
13965
13966
13967
13969
13972
13976
14032
14039
14048
14058
14065
14072
14078
14086
14093
14104
14174
14190
14207
14226
14229
14230
14231
14232
