100
1025249165
799510825
596893630
304735580
411564874
128039975
988877459
395326409
902565340
663631836
628489194
387247404
311015469
910225053
837074281
730136681
284902688
197370545
692557543
351319990
890823718
781587675
20622499
1014488314
702599512
405834460
183168510
915094062
418718899
90235802
29874584
7957120
655484741
442438776
442203652
200449711
977291438
1036926347
1028321690
278777852
164732652
1006602918
758659845
983733745
1067439995
726604829
57052185
750035127
791092908
526422689
868956241
980197598
311881739
65740000
306936194
904648677
898637288
172681725
549443558
37954620
605563815
607460162
668206213
654352687
948734564
699820186
488689938
537436638
917977095
654708149
915767158
591969
542395113
22099115
276870416
162123866
367208441
451792904
50553643
713648271
413198948
535253765
350612124
284820593
769418453
1056074341
958845742
454640497
311747405
544099312
790649719
44125723
98574504
144894376
494492657
814893540
572991591
735685729
172384551
388881021